0 0.79375 0.3765625 0.7984375 0.3796875 0.8015625 0.3890625 0.8015625 0.3953125 0.796875 0.4078125 0.790625 0.4078125 0.784375 0.3984375 0.7859375 0.38125 0.7921875 0.3765625
0 0.70625 0.396875 0.7140625 0.3953125 0.7171875 0.396875 0.7203125 0.403125 0.7203125 0.4171875 0.7171875 0.4234375 0.709375 0.4265625 0.703125 0.415625 0.703125 0.403125 0.70625 0.3984375
0 0.6296875 0.684375 0.01953125 0.034375
0 0.76875 0.565625 0.775 0.56875 0.778125 0.5765625 0.7765625 0.59375 0.7734375 0.596875 0.7671875 0.596875 0.7625 0.5921875 0.7609375 0.578125 0.7640625 0.56875 0.7671875 0.5671875
0 0.7640625 0.61875 0.7671875 0.6171875 0.771875 0.61875 0.7765625 0.628125 0.775 0.6453125 0.771875 0.6484375 0.765625 0.6484375 0.759375 0.6359375 0.7609375 0.6234375 0.7640625 0.6203125
0 0.7015625 0.440625 0.01953125 0.03359375
0 0.7484375 0.61953125 0.01875 0.03359375
0 0.64375 0.3 0.6515625 0.2984375 0.65625 0.3046875 0.6546875 0.3265625 0.65 0.33125 0.646875 0.33125 0.640625 0.3234375 0.640625 0.3046875 0.64375 0.3015625
0 0.5234375 0.5078125 0.5203125 0.5015625 0.5203125 0.4890625 0.5265625 0.478125 0.53125 0.478125 0.5359375 0.4828125 0.5375 0.5015625 0.5296875 0.5109375 0.525 0.5078125
0 0.734375 0.7859375 0.740625 0.79375 0.740625 0.8109375 0.734375 0.81875 0.7296875 0.8171875 0.725 0.8109375 0.725 0.7921875 0.728125 0.7875 0.7328125 0.7859375
0 0.6265625 0.4 0.63125 0.4 0.6375 0.409375 0.6359375 0.4265625 0.63125 0.4328125 0.6265625 0.4328125 0.6203125 0.421875 0.6203125 0.4109375 0.6234375 0.403125 0.6265625 0.4015625
0 0.6890625 0.5578125 0.69375 0.565625 0.69375 0.5828125 0.6875 0.590625 0.684375 0.590625 0.6796875 0.5859375 0.6765625 0.575 0.678125 0.5640625 0.6828125 0.5578125 0.6875 0.5578125
0 0.7453125 0.48125 0.7515625 0.4890625 0.753125 0.4984375 0.75 0.509375 0.74375 0.5140625 0.7359375 0.50625 0.7359375 0.4890625 0.7375 0.484375 0.74375 0.48125
1 0.67890625 0.625 0.02265625 0.03828125
0 0.721875 0.63828125 0.02265625 0.03828125
0 0.70234375 0.6359375 0.021875 0.03984375