0 0.6296875 0.684375 0.01953125 0.034375
0 0.58828125 0.33515625 0.01875 0.03359375
0 0.328125 0.7453125 0.325 0.740625 0.325 0.721875 0.33125 0.7140625 0.3359375 0.7140625 0.3421875 0.7234375 0.3421875 0.7375 0.3359375 0.746875 0.3296875 0.7453125
0 0.6921875 0.7546875 0.6984375 0.7546875 0.7046875 0.7640625 0.703125 0.78125 0.6984375 0.7859375 0.69375 0.7859375 0.6875 0.7765625 0.6875 0.7625 0.6921875 0.75625
0 0.71796875 0.74765625 0.01875 0.03203125
0 0.2171875 0.696875 0.221875 0.703125 0.221875 0.7203125 0.21875 0.7265625 0.215625 0.728125 0.2125 0.728125 0.20625 0.7203125 0.20625 0.703125 0.2109375 0.696875 0.215625 0.696875
0 0.734375 0.7859375 0.740625 0.79375 0.740625 0.8109375 0.7359375 0.8171875 0.7296875 0.8171875 0.725 0.8109375 0.725 0.79375 0.7265625 0.7890625 0.7328125 0.7859375
0 0.76875 0.6109375 0.7734375 0.6140625 0.7765625 0.625 0.775 0.6359375 0.7703125 0.6421875 0.765625 0.6421875 0.759375 0.6328125 0.759375 0.61875 0.7671875 0.6109375
0 0.75859375 0.36953125 0.01796875 0.03359375
0 0.7640625 0.6859375 0.759375 0.6765625 0.759375 0.6640625 0.765625 0.6546875 0.7703125 0.6546875 0.7765625 0.6640625 0.775 0.68125 0.771875 0.6859375 0.76875 0.6875 0.765625 0.6859375
0 0.5296875 0.49375 0.01953125 0.034375
0 0.7671875 0.2890625 0.771875 0.2953125 0.7734375 0.30625 0.7703125 0.315625 0.765625 0.3203125 0.7625 0.3203125 0.75625 0.3125 0.7578125 0.2921875 0.7609375 0.2890625 0.765625 0.2890625
0 0.428125 0.5109375 0.434375 0.5140625 0.4375 0.521875 0.4375 0.5328125 0.434375 0.540625 0.4265625 0.54375 0.4203125 0.5359375 0.41875 0.528125 0.4203125 0.51875 0.4265625 0.5125
0 0.78359375 0.603125 0.01796875 0.03359375
1 0.778125 0.3328125 0.7828125 0.3390625 0.784375 0.353125 0.78125 0.3609375 0.7765625 0.365625 0.7671875 0.359375 0.765625 0.3515625 0.7703125 0.334375 0.7765625 0.3328125