0 0.7 0.4921875 0.7046875 0.4953125 0.7046875 0.5015625 0.7078125 0.5078125 0.7015625 0.5234375 0.69375 0.5234375 0.690625 0.5109375 0.690625 0.5 0.69375 0.49375 0.6984375 0.4921875
0 0.709375 0.5421875 0.715625 0.540625 0.7203125 0.54375 0.721875 0.5484375 0.721875 0.565625 0.7171875 0.571875 0.7125 0.571875 0.7046875 0.55625 0.709375 0.54375
0 0.675 0.5296875 0.675 0.5140625 0.6796875 0.509375 0.6875 0.509375 0.690625 0.5171875 0.690625 0.5265625 0.6859375 0.5375 0.6828125 0.5375 0.6828125 0.5328125 0.6796875 0.5296875 0.675 0.53125
0 0.7171875 0.5734375 0.721875 0.5796875 0.7234375 0.5875 0.721875 0.596875 0.7171875 0.603125 0.7109375 0.603125 0.70625 0.59375 0.7078125 0.578125 0.7109375 0.5734375 0.715625 0.5734375
0 0.6828125 0.5890625 0.01875 0.03125
0 0.6515625 0.55625 0.01796875 0.03359375
0 0.7109375 0.6046875 0.7171875 0.60625 0.721875 0.6125 0.7203125 0.634375 0.709375 0.6359375 0.70625 0.6296875 0.70625 0.6140625 0.7109375 0.60625
0 0.7140625 0.475 0.721875 0.4828125 0.721875 0.4984375 0.7171875 0.50625 0.7109375 0.50625 0.70625 0.4984375 0.70625 0.484375 0.709375 0.478125 0.7125 0.4765625
0 0.7171875 0.509375 0.721875 0.5171875 0.721875 0.5328125 0.71875 0.5375 0.7140625 0.5390625 0.709375 0.5375 0.70625 0.5265625 0.70625 0.5171875 0.7109375 0.509375 0.715625 0.509375
0 0.7015625 0.590625 0.7078125 0.603125 0.7015625 0.6203125 0.6953125 0.6203125 0.690625 0.6125 0.6921875 0.59375 0.696875 0.5890625 0.7 0.590625
0 0.66875 0.5234375 0.671875 0.525 0.675 0.5328125 0.6671875 0.5375 0.6625 0.54375 0.6578125 0.54375 0.6578125 0.5328125 0.6625 0.525 0.6671875 0.5234375
0 0.6609375 0.5578125 0.6640625 0.55625 0.6703125 0.5578125 0.6765625 0.571875 0.671875 0.5875 0.6640625 0.5875 0.6578125 0.5765625 0.6609375 0.559375
0 0.684375 0.5421875 0.690625 0.553125 0.6890625 0.5671875 0.684375 0.571875 0.6796875 0.571875 0.6734375 0.5609375 0.6765625 0.54375 0.6828125 0.5421875
0 0.69921875 0.571875 0.02109375 0.03125
0 0.69375 0.525 0.703125 0.525 0.7078125 0.5375 0.7046875 0.55 0.7015625 0.553125 0.69375 0.553125 0.6890625 0.5421875 0.690625 0.53125 0.69375 0.5265625
1 0.9328125 0.1078125 0.9453125 0.1203125 0.9515625 0.140625 0.9515625 0.15625 0.9484375 0.1703125 0.94375 0.18125 0.9328125 0.190625 0.9234375 0.190625 0.9140625 0.1828125 0.9078125 0.1703125 0.9046875 0.15625 0.9046875 0.140625 0.9109375 0.11875 0.91875 0.109375 0.93125 0.1078125
0 0.678125 0.509375 0.6875 0.509375 0.690625 0.515625 0.6890625 0.5328125 0.6875 0.5375 0.684375 0.5390625 0.68125 0.5359375 0.6828125 0.534375 0.68125 0.53125 0.678125 0.5296875 0.675 0.53125 0.675 0.5140625 0.678125 0.5109375
0 0.6625 0.525 0.6703125 0.5234375 0.6734375 0.528125 0.6734375 0.534375 0.659375 0.5453125 0.6578125 0.534375 0.6625 0.5265625
1 0.3453125 0.79375 0.35 0.79375 0.353125 0.796875 0.353125 0.8015625 0.3484375 0.8046875 0.346875 0.8109375 0.3515625 0.8125 0.35625 0.809375 0.3546875 0.821875 0.35 0.825 0.3421875 0.8234375 0.3390625 0.815625 0.3390625 0.8046875 0.3453125 0.7953125