0 0.425 0.5671875 0.43125 0.571875 0.434375 0.5796875 0.4328125 0.5953125 0.425 0.6015625 0.4203125 0.5984375 0.4171875 0.5921875 0.4171875 0.5765625 0.4234375 0.56875
0 0.675 0.6125 0.6796875 0.615625 0.6828125 0.6234375 0.68125 0.640625 0.6765625 0.6453125 0.671875 0.6453125 0.665625 0.6359375 0.665625 0.6234375 0.66875 0.615625 0.6734375 0.6125
0 0.7109375 0.36875 0.7171875 0.3734375 0.71875 0.3875 0.7171875 0.3953125 0.709375 0.4015625 0.703125 0.396875 0.7015625 0.3921875 0.7015625 0.378125 0.703125 0.3734375 0.709375 0.36875
0 0.7625 0.5 0.76875 0.5109375 0.76875 0.5203125 0.7625 0.53125 0.7578125 0.53125 0.753125 0.5265625 0.75 0.5171875 0.753125 0.503125 0.7578125 0.4984375 0.7609375 0.5
0 0.4078125 0.3828125 0.4125 0.390625 0.4125 0.40625 0.40625 0.4140625 0.4 0.4125 0.3953125 0.403125 0.3953125 0.3921875 0.3984375 0.384375 0.40625 0.3828125
0 0.4515625 0.2890625 0.459375 0.2890625 0.4640625 0.296875 0.4625 0.315625 0.4578125 0.3203125 0.453125 0.3203125 0.446875 0.3078125 0.4484375 0.29375 0.4515625 0.290625
0 0.3171875 0.4328125 0.321875 0.4375 0.325 0.4484375 0.3234375 0.4578125 0.31875 0.465625 0.3109375 0.4640625 0.3078125 0.459375 0.3078125 0.440625 0.3109375 0.434375 0.315625 0.4328125
0 0.3640625 0.3796875 0.3703125 0.384375 0.371875 0.3890625 0.371875 0.403125 0.365625 0.4125 0.359375 0.4109375 0.3546875 0.396875 0.35625 0.3859375 0.3625 0.3796875
0 0.4125 0.5703125 0.4078125 0.5609375 0.4078125 0.5484375 0.4140625 0.5390625 0.41875 0.5390625 0.425 0.546875 0.4234375 0.5671875 0.4171875 0.571875 0.4140625 0.5703125
0 0.346875 0.4140625 0.3515625 0.4234375 0.3515625 0.4328125 0.3453125 0.4453125 0.340625 0.4453125 0.334375 0.4359375 0.334375 0.4203125 0.3390625 0.4140625 0.3421875 0.4125 0.3453125 0.4140625
0 0.41875 0.340625 0.415625 0.3359375 0.4140625 0.321875 0.4203125 0.309375 0.425 0.309375 0.43125 0.31875 0.43125 0.334375 0.428125 0.340625 0.425 0.3421875 0.4203125 0.340625
0 0.4390625 0.4125 0.44375 0.421875 0.44375 0.4359375 0.4359375 0.4453125 0.428125 0.4375 0.4265625 0.421875 0.4328125 0.4125 0.4375 0.4125
0 0.6265625 0.75859375 0.01875 0.034375
0 0.684375 0.540625 0.690625 0.546875 0.6921875 0.553125 0.690625 0.565625 0.6859375 0.571875 0.6796875 0.571875 0.675 0.565625 0.675 0.5484375 0.6828125 0.540625
1 0.675 0.7890625 0.6828125 0.7890625 0.6875 0.7984375 0.6859375 0.815625 0.68125 0.8203125 0.675 0.8203125 0.6703125 0.8109375 0.6703125 0.796875 0.675 0.790625