0 0.225 0.33125 0.2296875 0.334375 0.2328125 0.3484375 0.23125 0.35625 0.2265625 0.3625 0.2203125 0.3625 0.2140625 0.35 0.215625 0.3375 0.21875 0.3328125 0.2234375 0.33125
0 0.4765625 0.3078125 0.48125 0.3140625 0.4828125 0.321875 0.48125 0.33125 0.4765625 0.3375 0.4703125 0.3375 0.465625 0.33125 0.465625 0.3140625 0.4703125 0.3078125 0.475 0.3078125
0 0.675 0.6125 0.6796875 0.615625 0.6828125 0.6234375 0.6828125 0.6359375 0.6765625 0.6453125 0.671875 0.6453125 0.665625 0.6359375 0.665625 0.6234375 0.66875 0.615625 0.6734375 0.6125
0 0.40625 0.4453125 0.4015625 0.4359375 0.4015625 0.4203125 0.40625 0.4140625 0.4109375 0.4140625 0.415625 0.41875 0.415625 0.425 0.409375 0.4265625 0.4078125 0.43125 0.4109375 0.434375 0.4171875 0.434375 0.415625 0.440625 0.4109375 0.4453125 0.4078125 0.4453125
0 0.425 0.5671875 0.43125 0.571875 0.434375 0.5796875 0.43125 0.596875 0.425 0.6015625 0.4203125 0.5984375 0.4171875 0.5921875 0.4171875 0.575 0.4234375 0.56875
0 0.4921875 0.5234375 0.4953125 0.5296875 0.4953125 0.54375 0.4890625 0.553125 0.4828125 0.5515625 0.478125 0.54375 0.478125 0.5296875 0.48125 0.5234375 0.484375 0.521875 0.490625 0.5234375
0 0.28125 0.675 0.284375 0.6734375 0.2921875 0.675 0.2953125 0.6828125 0.2953125 0.696875 0.2859375 0.70625 0.2796875 0.7015625 0.278125 0.696875 0.278125 0.6828125 0.28125 0.6765625
0 0.45078125 0.30859375 0.01796875 0.03359375
0 0.69375 0.41875 0.6984375 0.425 0.6984375 0.4421875 0.696875 0.446875 0.6890625 0.4515625 0.6828125 0.44375 0.6828125 0.425 0.6875 0.41875 0.6921875 0.41875
0 0.428125 0.2921875 0.4359375 0.3 0.4359375 0.315625 0.4328125 0.321875 0.425 0.3234375 0.41875 0.3109375 0.4203125 0.2984375 0.4234375 0.29375 0.4265625 0.29375
0 0.4921875 0.4609375 0.4875 0.453125 0.4875 0.4390625 0.49375 0.4296875 0.4984375 0.4296875 0.5046875 0.4375 0.5046875 0.4546875 0.5015625 0.4609375 0.4984375 0.4625 0.49375 0.4609375
0 0.5671875 0.359375 0.571875 0.3640625 0.575 0.3734375 0.5734375 0.3859375 0.56875 0.3921875 0.5609375 0.390625 0.5578125 0.384375 0.5578125 0.3671875 0.565625 0.359375
0 0.371875 0.80859375 0.01875 0.03203125
0 0.740625 0.5078125 0.746875 0.5171875 0.746875 0.5296875 0.740625 0.540625 0.7359375 0.540625 0.7296875 0.53125 0.73125 0.5140625 0.734375 0.509375 0.7390625 0.5078125
1 0.309375 0.3328125 0.3078125 0.3296875 0.3046875 0.33125 0.3109375 0.3421875 0.309375 0.3453125 0.303125 0.346875 0.296875 0.340625 0.2953125 0.328125 0.3015625 0.3140625 0.30625 0.3140625 0.3109375 0.31875 0.3140625 0.328125 0.3140625 0.33125 0.3109375 0.3328125