0 0.7 0.4921875 0.7046875 0.4953125 0.7046875 0.5015625 0.7078125 0.5078125 0.7015625 0.5234375 0.69375 0.5234375 0.690625 0.5125 0.690625 0.5 0.69375 0.49375 0.6984375 0.4921875
0 0.7140625 0.540625 0.71875 0.5421875 0.721875 0.5484375 0.7203125 0.56875 0.7171875 0.571875 0.7125 0.571875 0.7046875 0.55625 0.709375 0.5421875 0.7125 0.5421875
0 0.6828125 0.52421875 0.01875 0.03203125
0 0.7171875 0.5734375 0.721875 0.5796875 0.7234375 0.5875 0.721875 0.596875 0.7171875 0.603125 0.7109375 0.603125 0.70625 0.59375 0.7078125 0.578125 0.7109375 0.5734375 0.715625 0.5734375
0 0.6515625 0.55625 0.01796875 0.034375
0 0.68125 0.5734375 0.6859375 0.575 0.690625 0.584375 0.690625 0.5953125 0.6875 0.6015625 0.678125 0.603125 0.6734375 0.5890625 0.675 0.584375 0.68125 0.5796875 0.68125 0.575
0 0.7109375 0.6046875 0.71875 0.6078125 0.721875 0.6125 0.7203125 0.634375 0.7140625 0.6375 0.709375 0.6359375 0.70625 0.6296875 0.70625 0.6140625 0.7109375 0.60625
0 0.66875 0.5234375 0.671875 0.525 0.675 0.534375 0.6734375 0.55 0.66875 0.55625 0.6640625 0.55625 0.6609375 0.553125 0.6578125 0.540625 0.6609375 0.5265625 0.6671875 0.5234375
0 0.7140625 0.475 0.721875 0.4828125 0.721875 0.4984375 0.7171875 0.50625 0.7109375 0.50625 0.70625 0.4984375 0.70625 0.484375 0.709375 0.478125 0.7125 0.4765625
0 0.7171875 0.509375 0.721875 0.5171875 0.721875 0.5328125 0.715625 0.5390625 0.709375 0.5375 0.70625 0.5265625 0.70625 0.5171875 0.709375 0.5109375 0.715625 0.509375
0 0.7015625 0.590625 0.7078125 0.603125 0.7015625 0.6203125 0.6953125 0.6203125 0.690625 0.6125 0.6921875 0.59375 0.696875 0.5890625 0.7 0.590625
0 0.684375 0.5421875 0.690625 0.553125 0.6890625 0.5671875 0.684375 0.571875 0.678125 0.56875 0.6734375 0.559375 0.6765625 0.54375 0.6828125 0.5421875
0 0.69375 0.5859375 0.6890625 0.575 0.69375 0.5578125 0.7015625 0.5578125 0.70625 0.5640625 0.7078125 0.571875 0.7078125 0.5765625 0.703125 0.5859375 0.7015625 0.5875 0.6953125 0.5859375
0 0.69375 0.525 0.703125 0.525 0.7078125 0.5375 0.7046875 0.55 0.7015625 0.553125 0.69375 0.553125 0.6890625 0.54375 0.69375 0.5265625
1 0.3484375 0.30390625 0.01875 0.03203125
0 0.65625 0.5421875 0.659375 0.55 0.659375 0.5578125 0.653125 0.559375 0.6578125 0.5671875 0.65625 0.571875 0.6484375 0.571875 0.6421875 0.5609375 0.646875 0.5421875 0.65 0.5390625 0.6546875 0.5421875
0 0.6671875 0.57109375 0.01953125 0.03671875