0 0.6 0.784375 0.603125 0.7828125 0.6109375 0.784375 0.6140625 0.79375 0.6140625 0.803125 0.6109375 0.8125 0.60625 0.815625 0.6015625 0.8140625 0.596875 0.8046875 0.596875 0.7921875 0.6 0.7859375
0 0.6890625 0.5546875 0.69375 0.5625 0.69375 0.578125 0.6890625 0.5859375 0.6828125 0.5859375 0.678125 0.578125 0.678125 0.5625 0.6828125 0.5546875 0.6875 0.5546875
0 0.6453125 0.509375 0.653125 0.5078125 0.659375 0.51875 0.659375 0.528125 0.65625 0.5359375 0.6515625 0.5390625 0.6453125 0.5375 0.6421875 0.53125 0.6421875 0.5171875 0.6453125 0.5109375
0 0.7203125 0.7390625 0.728125 0.7375 0.734375 0.7484375 0.734375 0.759375 0.73125 0.7671875 0.7265625 0.7703125 0.7234375 0.76875 0.7171875 0.7609375 0.7171875 0.7453125 0.7203125 0.740625
0 0.71875 0.5046875 0.7234375 0.509375 0.7265625 0.51875 0.725 0.53125 0.7203125 0.5375 0.7125 0.5359375 0.709375 0.53125 0.7078125 0.521875 0.7109375 0.509375 0.7171875 0.5046875
0 0.446875 0.7140625 0.453125 0.725 0.453125 0.734375 0.446875 0.7453125 0.4421875 0.7453125 0.4375 0.740625 0.434375 0.73125 0.4375 0.7171875 0.440625 0.7140625 0.4453125 0.7140625
0 0.3625 0.6296875 0.36875 0.634375 0.371875 0.6421875 0.371875 0.6515625 0.36875 0.659375 0.365625 0.6625 0.3609375 0.6625 0.3546875 0.6546875 0.3546875 0.6375 0.3609375 0.63125
0 0.6828125 0.525 0.6859375 0.5296875 0.6875 0.540625 0.684375 0.5515625 0.678125 0.55625 0.6703125 0.5484375 0.66875 0.5328125 0.675 0.5234375 0.68125 0.525
0 0.259375 0.6140625 0.2625 0.6125 0.2671875 0.6140625 0.271875 0.621875 0.271875 0.6375 0.2671875 0.6453125 0.2609375 0.6453125 0.2546875 0.6359375 0.2546875 0.6234375 0.259375 0.615625
0 0.5703125 0.6953125 0.575 0.6984375 0.578125 0.7078125 0.578125 0.7171875 0.571875 0.7265625 0.565625 0.7265625 0.5609375 0.7203125 0.5609375 0.703125 0.56875 0.6953125
0 0.6359375 0.7890625 0.6421875 0.8015625 0.640625 0.8140625 0.6359375 0.8203125 0.6296875 0.8203125 0.6234375 0.803125 0.6265625 0.7921875 0.6296875 0.7890625 0.634375 0.7890625
0 0.653125 0.3375 0.65625 0.3421875 0.6578125 0.35625 0.6546875 0.365625 0.65 0.36875 0.6453125 0.3671875 0.640625 0.3609375 0.640625 0.3453125 0.6453125 0.3375 0.6484375 0.3359375 0.6515625 0.3375
0 0.70625 0.29375 0.7109375 0.3046875 0.7109375 0.3140625 0.7078125 0.321875 0.7046875 0.3234375 0.7 0.3234375 0.69375 0.3140625 0.69375 0.3046875 0.696875 0.296875 0.7 0.29375 0.7046875 0.29375
0 0.7265625 0.375 0.73125 0.38125 0.7328125 0.3953125 0.73125 0.4015625 0.7234375 0.4078125 0.715625 0.4 0.715625 0.3828125 0.7203125 0.375 0.725 0.375
0 0.4171875 0.790625 0.421875 0.79375 0.425 0.803125 0.425 0.8109375 0.41875 0.821875 0.4109375 0.8203125 0.4078125 0.8140625 0.4078125 0.7984375 0.415625 0.790625
1 0.5078125 0.5375 0.5125 0.540625 0.515625 0.553125 0.5140625 0.5625 0.5078125 0.5703125 0.5046875 0.5703125 0.4984375 0.5609375 0.4984375 0.5453125 0.5015625 0.5390625 0.50625 0.5375