0 0.70625 0.29375 0.7109375 0.303125 0.7109375 0.315625 0.70625 0.3234375 0.6984375 0.3234375 0.6953125 0.3203125 0.69375 0.3109375 0.696875 0.296875 0.7 0.29375 0.7046875 0.29375
0 0.4875 0.503125 0.4921875 0.509375 0.49375 0.5203125 0.490625 0.53125 0.484375 0.5359375 0.4765625 0.528125 0.475 0.5125 0.48125 0.503125 0.4859375 0.503125
0 0.4359375 0.6203125 0.4328125 0.6125 0.4328125 0.5984375 0.434375 0.59375 0.4390625 0.590625 0.44375 0.590625 0.446875 0.59375 0.45 0.603125 0.45 0.6125 0.44375 0.621875 0.4375 0.6203125
0 0.5421875 0.3953125 0.55 0.4015625 0.5515625 0.4078125 0.5515625 0.415625 0.546875 0.4265625 0.540625 0.428125 0.5375 0.4265625 0.534375 0.4203125 0.534375 0.403125 0.540625 0.396875
0 0.35078125 0.4015625 0.01875 0.03359375
0 0.734375 0.35 0.7375 0.35625 0.7375 0.3703125 0.73125 0.3796875 0.7265625 0.3796875 0.7234375 0.3765625 0.7203125 0.3703125 0.7203125 0.359375 0.7265625 0.3484375 0.7328125 0.35
0 0.2234375 0.4828125 0.23125 0.4921875 0.23125 0.50625 0.225 0.515625 0.2203125 0.515625 0.2140625 0.50625 0.2140625 0.490625 0.221875 0.4828125
0 0.64765625 0.6234375 0.01875 0.034375
0 0.528125 0.465625 0.5234375 0.45625 0.5234375 0.44375 0.5296875 0.434375 0.534375 0.434375 0.540625 0.44375 0.5390625 0.4609375 0.5359375 0.465625 0.5328125 0.4671875 0.5296875 0.465625
0 0.5671875 0.7359375 0.5625 0.7265625 0.5625 0.7140625 0.56875 0.7046875 0.5734375 0.7046875 0.5796875 0.7140625 0.5796875 0.728125 0.575 0.7359375 0.56875 0.7359375
0 0.68125 0.3 0.6859375 0.2984375 0.690625 0.303125 0.69375 0.3125 0.69375 0.321875 0.690625 0.328125 0.6875 0.33125 0.6828125 0.33125 0.6765625 0.321875 0.6765625 0.3078125 0.68125 0.3015625
0 0.6046875 0.80078125 0.01953125 0.03359375
0 0.6609375 0.4859375 0.65625 0.478125 0.65625 0.4625 0.6625 0.4546875 0.6671875 0.4546875 0.6734375 0.4640625 0.671875 0.48125 0.66875 0.4859375 0.6625 0.4859375
1 0.425 0.5296875 0.428125 0.528125 0.4328125 0.5296875 0.4375 0.5375 0.4375 0.553125 0.43125 0.5609375 0.4265625 0.5609375 0.4203125 0.55 0.4203125 0.5390625 0.425 0.53125