0 0.578125 0.6 0.584375 0.6 0.5875 0.603125 0.590625 0.6140625 0.5890625 0.6265625 0.5859375 0.63125 0.5796875 0.6328125 0.5734375 0.6234375 0.5734375 0.6078125 0.578125 0.6015625
0 0.4625 0.55 0.4703125 0.5546875 0.4734375 0.565625 0.4703125 0.5796875 0.4671875 0.5828125 0.459375 0.58125 0.45625 0.5765625 0.45625 0.5578125 0.4625 0.5515625
0 0.265625 0.534375 0.271875 0.5421875 0.271875 0.559375 0.26875 0.565625 0.265625 0.5671875 0.2609375 0.565625 0.2546875 0.55625 0.2546875 0.54375 0.2640625 0.534375
0 0.740625 0.6046875 0.7453125 0.6125 0.7453125 0.628125 0.740625 0.6359375 0.734375 0.6359375 0.7296875 0.6296875 0.7296875 0.6125 0.734375 0.6046875 0.7390625 0.6046875
0 0.396875 0.4296875 0.4 0.434375 0.4 0.453125 0.39375 0.4609375 0.390625 0.4609375 0.384375 0.453125 0.384375 0.4359375 0.3890625 0.428125 0.3953125 0.4296875
0 0.4015625 0.5390625 0.409375 0.5375 0.4140625 0.54375 0.415625 0.553125 0.4125 0.565625 0.4078125 0.5703125 0.4015625 0.5671875 0.3984375 0.5609375 0.3984375 0.54375 0.4015625 0.540625
0 0.68359375 0.55546875 0.01875 0.03359375
0 0.7484375 0.721875 0.753125 0.725 0.75625 0.7359375 0.7546875 0.746875 0.75 0.753125 0.74375 0.753125 0.7390625 0.7453125 0.7390625 0.7296875 0.7421875 0.7234375 0.746875 0.721875
0 0.678125 0.6 0.684375 0.6 0.690625 0.609375 0.6890625 0.6265625 0.6828125 0.6328125 0.678125 0.63125 0.671875 0.61875 0.6734375 0.60625 0.678125 0.6015625
0 0.5359375 0.646875 0.5390625 0.653125 0.5390625 0.6671875 0.5328125 0.6765625 0.528125 0.6765625 0.5234375 0.671875 0.521875 0.65625 0.5234375 0.65 0.5296875 0.64375 0.534375 0.646875
0 0.6984375 0.76875 0.01875 0.03359375
0 0.6578125 0.484375 0.6640625 0.4875 0.6671875 0.4953125 0.6671875 0.5078125 0.6640625 0.515625 0.6609375 0.5171875 0.653125 0.515625 0.65 0.5078125 0.65 0.4953125 0.65625 0.4859375
0 0.70625 0.48125 0.7125 0.4890625 0.7125 0.50625 0.7046875 0.5140625 0.7 0.5125 0.696875 0.5078125 0.696875 0.4875 0.7 0.4828125 0.7046875 0.48125
0 0.66328125 0.553125 0.01875 0.03359375
0 0.4703125 0.6375 0.4765625 0.64375 0.478125 0.6546875 0.4765625 0.6625 0.471875 0.6703125 0.465625 0.6703125 0.459375 0.65625 0.4625 0.6421875 0.46875 0.6375
1 0.6359375 0.5609375 0.63125 0.553125 0.63125 0.5375 0.6375 0.5296875 0.6421875 0.5296875 0.6453125 0.5328125 0.6484375 0.5421875 0.646875 0.55625 0.64375 0.5609375 0.640625 0.5625 0.6375 0.5609375