0 0.5953125 0.75 0.6015625 0.759375 0.6015625 0.775 0.5984375 0.78125 0.5953125 0.7828125 0.5875 0.78125 0.584375 0.7703125 0.5859375 0.75625 0.59375 0.75
0 0.675 0.2921875 0.68125 0.3015625 0.68125 0.315625 0.6796875 0.3203125 0.6734375 0.325 0.6671875 0.321875 0.6640625 0.3140625 0.665625 0.2984375 0.66875 0.29375 0.6734375 0.2921875
0 0.646875 0.478125 0.653125 0.484375 0.6546875 0.490625 0.653125 0.503125 0.646875 0.5109375 0.640625 0.5078125 0.6375 0.5015625 0.6375 0.4875 0.6390625 0.4828125 0.6453125 0.478125
0 0.5765625 0.6234375 0.5734375 0.6171875 0.5734375 0.603125 0.5796875 0.59375 0.584375 0.59375 0.5890625 0.5984375 0.590625 0.6078125 0.5859375 0.6234375 0.58125 0.6265625 0.578125 0.6234375
0 0.2265625 0.7328125 0.23125 0.7390625 0.23125 0.75625 0.2234375 0.7640625 0.21875 0.7625 0.215625 0.7578125 0.2140625 0.7421875 0.2203125 0.7328125 0.225 0.7328125
0 0.3265625 0.584375 0.334375 0.5828125 0.340625 0.5921875 0.340625 0.60625 0.33125 0.615625 0.3265625 0.6125 0.3234375 0.60625 0.3234375 0.5921875 0.3265625 0.5859375
0 0.75 0.571875 0.75625 0.584375 0.75625 0.5921875 0.75 0.603125 0.74375 0.603125 0.7390625 0.5953125 0.7390625 0.578125 0.74375 0.571875 0.7484375 0.571875
0 0.2125 0.3640625 0.21875 0.375 0.2171875 0.3875 0.2125 0.3953125 0.2078125 0.3953125 0.2015625 0.3875 0.2015625 0.3703125 0.20625 0.3640625 0.2109375 0.3640625
0 0.70625 0.3359375 0.7109375 0.3390625 0.7140625 0.346875 0.7140625 0.359375 0.7109375 0.365625 0.70625 0.36875 0.7015625 0.3671875 0.696875 0.3578125 0.6984375 0.3421875 0.7 0.3390625 0.7046875 0.3375
0 0.734375 0.7796875 0.740625 0.7796875 0.7453125 0.7875 0.74375 0.8078125 0.740625 0.8109375 0.734375 0.8109375 0.728125 0.796875 0.73125 0.7828125 0.734375 0.78125
0 0.6953125 0.7890625 0.7 0.7890625 0.70625 0.7984375 0.70625 0.8140625 0.703125 0.8203125 0.6953125 0.821875 0.6890625 0.8109375 0.6890625 0.7984375 0.690625 0.79375 0.6953125 0.790625
0 0.7921875 0.6671875 0.796875 0.671875 0.7984375 0.6875 0.79375 0.696875 0.7890625 0.6984375 0.7828125 0.6953125 0.78125 0.690625 0.78125 0.6734375 0.7859375 0.6671875 0.790625 0.6671875
1 0.640625 0.6328125 0.646875 0.6375 0.65 0.646875 0.6484375 0.6578125 0.64375 0.665625 0.6375 0.665625 0.63125 0.6546875 0.6328125 0.65 0.640625 0.6484375 0.634375 0.640625 0.6359375 0.634375 0.6390625 0.634375