0 0.5328125 0.4796875 0.5390625 0.4796875 0.5453125 0.4875 0.5453125 0.503125 0.5421875 0.509375 0.5328125 0.5109375 0.528125 0.503125 0.528125 0.4890625 0.5328125 0.48125
0 0.5953125 0.4046875 0.603125 0.4140625 0.6015625 0.434375 0.5953125 0.4390625 0.5890625 0.4359375 0.5875 0.4328125 0.5859375 0.4171875 0.5890625 0.409375 0.59375 0.40625
0 0.30546875 0.6078125 0.01875 0.034375
0 0.2265625 0.7328125 0.23125 0.7390625 0.23125 0.75625 0.2234375 0.7640625 0.21875 0.7625 0.215625 0.7578125 0.2140625 0.74375 0.2171875 0.7359375 0.2203125 0.7328125 0.225 0.7328125
0 0.34375 0.3203125 0.3390625 0.3109375 0.3390625 0.296875 0.3453125 0.2890625 0.35 0.2890625 0.35625 0.2984375 0.35625 0.3125 0.3515625 0.3203125 0.3484375 0.321875 0.3453125 0.3203125
0 0.24375 0.6390625 0.25 0.6484375 0.2484375 0.665625 0.24375 0.6703125 0.2375 0.6703125 0.2328125 0.6609375 0.2328125 0.646875 0.2375 0.6390625 0.2421875 0.6390625
0 0.2484375 0.3609375 0.01953125 0.034375
0 0.2125 0.3921875 0.2171875 0.3984375 0.2171875 0.415625 0.2125 0.421875 0.20625 0.421875 0.2015625 0.4171875 0.2 0.4109375 0.2 0.4015625 0.203125 0.39375 0.2078125 0.390625 0.2109375 0.3921875
0 0.734375 0.7796875 0.7390625 0.7796875 0.7453125 0.7875 0.74375 0.8078125 0.740625 0.8109375 0.734375 0.8109375 0.728125 0.796875 0.7296875 0.7875 0.734375 0.78125
0 0.275 0.3265625 0.28125 0.3375 0.28125 0.346875 0.278125 0.3546875 0.2734375 0.3578125 0.2671875 0.35625 0.2640625 0.3484375 0.265625 0.3296875 0.26875 0.3265625 0.2734375 0.3265625
0 0.7234375 0.49375 0.728125 0.5015625 0.728125 0.5171875 0.7265625 0.521875 0.721875 0.525 0.7171875 0.525 0.7140625 0.521875 0.7109375 0.509375 0.7125 0.5 0.715625 0.4953125 0.721875 0.49375
0 0.646875 0.478125 0.653125 0.484375 0.6546875 0.490625 0.653125 0.503125 0.646875 0.5109375 0.6375 0.5015625 0.6375 0.4875 0.6390625 0.4828125 0.6453125 0.478125
1 0.7734375 0.76875 0.01875 0.03359375