0 0.3625 0.625 0.3671875 0.6375 0.3640625 0.6515625 0.359375 0.6546875 0.3515625 0.6515625 0.3484375 0.6375 0.3515625 0.6265625 0.3546875 0.6234375 0.3609375 0.625
0 0.2265625 0.7328125 0.23125 0.7390625 0.23125 0.7546875 0.2265625 0.7625 0.21875 0.7625 0.2140625 0.7515625 0.2140625 0.74375 0.2171875 0.7359375 0.2203125 0.7328125 0.225 0.7328125
0 0.3734375 0.3390625 0.3828125 0.3484375 0.38125 0.36875 0.3765625 0.3734375 0.3734375 0.3734375 0.3671875 0.3671875 0.365625 0.35 0.371875 0.340625
0 0.2125 0.4171875 0.2171875 0.428125 0.2171875 0.4375 0.2125 0.446875 0.2046875 0.446875 0.2 0.440625 0.2015625 0.41875 0.20625 0.4140625 0.2109375 0.4171875
0 0.209375 0.4484375 0.215625 0.4578125 0.215625 0.4734375 0.2109375 0.4796875 0.203125 0.478125 0.1984375 0.46875 0.2 0.45625 0.203125 0.45 0.2078125 0.4484375
0 0.41875 0.628125 0.4234375 0.6359375 0.4234375 0.6515625 0.4203125 0.6578125 0.415625 0.6609375 0.409375 0.6578125 0.4078125 0.6546875 0.40625 0.6375 0.4125 0.628125 0.4171875 0.628125
0 0.6 0.584375 0.6046875 0.5890625 0.60625 0.5953125 0.60625 0.60625 0.6 0.615625 0.59375 0.615625 0.5890625 0.6078125 0.5890625 0.5921875 0.59375 0.584375 0.5984375 0.584375
0 0.734375 0.7796875 0.7390625 0.7796875 0.7453125 0.7875 0.74375 0.8078125 0.740625 0.8109375 0.734375 0.8109375 0.73125 0.8078125 0.728125 0.796875 0.7296875 0.7875 0.734375 0.78125
0 0.646875 0.478125 0.6515625 0.48125 0.6546875 0.490625 0.653125 0.503125 0.646875 0.5109375 0.6375 0.5015625 0.6375 0.4875 0.6390625 0.4828125 0.6453125 0.478125
0 0.2703125 0.7328125 0.275 0.740625 0.275 0.75625 0.26875 0.7640625 0.2609375 0.7609375 0.2578125 0.7515625 0.2609375 0.7359375 0.2640625 0.7328125 0.26875 0.7328125
1 0.7734375 0.76875 0.01875 0.03359375