0 0.571875 0.5828125 0.575 0.584375 0.5796875 0.59375 0.578125 0.609375 0.571875 0.615625 0.5671875 0.6140625 0.5625 0.60625 0.5625 0.590625 0.565625 0.584375 0.5703125 0.5828125
0 0.6625 0.525 0.6703125 0.525 0.675 0.534375 0.6734375 0.5515625 0.66875 0.55625 0.6640625 0.55625 0.6578125 0.5421875 0.659375 0.5296875 0.6625 0.5265625
0 0.75 0.7328125 0.7546875 0.7390625 0.75625 0.7484375 0.7546875 0.7578125 0.7484375 0.7640625 0.740625 0.759375 0.7375 0.7515625 0.7390625 0.7375 0.74375 0.7328125 0.7484375 0.7328125
0 0.7 0.4921875 0.703125 0.49375 0.70625 0.5 0.70625 0.5171875 0.7 0.5234375 0.6953125 0.5234375 0.6921875 0.5203125 0.690625 0.5125 0.6921875 0.496875 0.69375 0.49375 0.6984375 0.4921875
0 0.7484375 0.5421875 0.753125 0.55 0.753125 0.565625 0.7484375 0.571875 0.7421875 0.571875 0.7375 0.5671875 0.7359375 0.5609375 0.7359375 0.5515625 0.7390625 0.54375 0.74375 0.540625 0.746875 0.5421875
0 0.66015625 0.6609375 0.01875 0.034375
0 0.475 0.6765625 0.4796875 0.6796875 0.4828125 0.6890625 0.48125 0.703125 0.4765625 0.7078125 0.471875 0.7078125 0.465625 0.6984375 0.465625 0.684375 0.46875 0.678125 0.4734375 0.6765625
0 0.5109375 0.6640625 0.515625 0.671875 0.515625 0.6859375 0.509375 0.6953125 0.5046875 0.6953125 0.5 0.6875 0.5 0.6703125 0.5046875 0.6640625 0.509375 0.6640625
0 0.5234375 0.6609375 0.01953125 0.034375
0 0.68125 0.328125 0.6875 0.3375 0.6875 0.35 0.6859375 0.3546875 0.6796875 0.3609375 0.6734375 0.3578125 0.6703125 0.35 0.671875 0.334375 0.675 0.3296875 0.6796875 0.328125
0 0.678125 0.509375 0.6859375 0.509375 0.690625 0.5171875 0.6890625 0.534375 0.684375 0.540625 0.6796875 0.540625 0.6734375 0.525 0.675 0.5140625 0.678125 0.5109375
0 0.6984375 0.5890625 0.69375 0.5859375 0.6890625 0.5734375 0.6921875 0.559375 0.7015625 0.5578125 0.70625 0.5640625 0.70625 0.58125 0.7 0.5875
0 0.684375 0.5421875 0.690625 0.5546875 0.6875 0.5703125 0.684375 0.571875 0.678125 0.5703125 0.675 0.565625 0.6734375 0.55625 0.6765625 0.54375 0.6828125 0.5421875
0 0.6984375 0.540625 0.01796875 0.03203125
0 0.765625 0.484375 0.76875 0.4828125 0.7734375 0.484375 0.778125 0.49375 0.7765625 0.509375 0.771875 0.515625 0.7671875 0.515625 0.7609375 0.5046875 0.7609375 0.49375 0.765625 0.4859375
1 0.5328125 0.44375 0.5390625 0.453125 0.5375 0.4734375 0.534375 0.4765625 0.528125 0.4765625 0.5234375 0.4703125 0.5234375 0.4515625 0.5265625 0.446875 0.53125 0.4453125