0 0.48125 0.534375 0.4859375 0.540625 0.4875 0.55 0.4859375 0.559375 0.48125 0.565625 0.4734375 0.565625 0.46875 0.5515625 0.4703125 0.540625 0.475 0.534375 0.4796875 0.534375
0 0.7953125 0.45 0.8 0.4578125 0.8 0.471875 0.7984375 0.4765625 0.7921875 0.48125 0.7859375 0.4765625 0.7828125 0.4625 0.7859375 0.453125 0.790625 0.4484375 0.79375 0.45
0 0.6 0.440625 0.5953125 0.43125 0.5953125 0.41875 0.6015625 0.409375 0.60625 0.409375 0.6125 0.4203125 0.6109375 0.4359375 0.6078125 0.440625 0.6046875 0.4421875 0.6015625 0.440625
0 0.553125 0.296875 0.559375 0.3 0.5625 0.3078125 0.5625 0.31875 0.559375 0.3265625 0.553125 0.3296875 0.5484375 0.3265625 0.5453125 0.3203125 0.5453125 0.3078125 0.5484375 0.3 0.5515625 0.2984375
0 0.2234375 0.3625 0.21875 0.353125 0.21875 0.340625 0.2234375 0.3328125 0.23125 0.3328125 0.2359375 0.3421875 0.2359375 0.3546875 0.2328125 0.3609375 0.225 0.3625
0 0.353125 0.525 0.3609375 0.5234375 0.3671875 0.5328125 0.3671875 0.5453125 0.359375 0.55625 0.353125 0.553125 0.35 0.546875 0.35 0.5328125 0.353125 0.5265625
0 0.7578125 0.7609375 0.7625 0.7640625 0.7640625 0.76875 0.7640625 0.7859375 0.759375 0.7921875 0.7515625 0.790625 0.7484375 0.784375 0.7484375 0.76875 0.7515625 0.7625 0.75625 0.7609375
0 0.21875 0.471875 0.225 0.4828125 0.225 0.4921875 0.2203125 0.5015625 0.2171875 0.503125 0.2140625 0.503125 0.2078125 0.49375 0.2078125 0.4796875 0.2125 0.471875 0.2171875 0.471875
0 0.7625 0.2984375 0.7703125 0.296875 0.775 0.303125 0.7765625 0.3125 0.7734375 0.325 0.7703125 0.328125 0.765625 0.328125 0.759375 0.31875 0.759375 0.3046875 0.7625 0.3
0 0.6875 0.5796875 0.6921875 0.5875 0.6921875 0.603125 0.6890625 0.6109375 0.68125 0.6109375 0.675 0.6 0.675 0.590625 0.678125 0.5828125 0.68125 0.5796875 0.6859375 0.5796875
0 0.734375 0.58125 0.7390625 0.584375 0.7421875 0.5921875 0.7421875 0.6046875 0.7390625 0.6109375 0.734375 0.6140625 0.728125 0.6109375 0.725 0.603125 0.7265625 0.5875 0.728125 0.584375 0.7328125 0.5828125
0 0.703125 0.590625 0.7109375 0.5984375 0.7109375 0.615625 0.7078125 0.6203125 0.703125 0.6234375 0.6984375 0.621875 0.6953125 0.6171875 0.69375 0.6015625 0.6984375 0.5921875 0.7015625 0.5921875
0 0.76875 0.4234375 0.7734375 0.4296875 0.775 0.4421875 0.7703125 0.453125 0.765625 0.4546875 0.7578125 0.446875 0.7578125 0.43125 0.7625 0.4234375 0.7671875 0.4234375
0 0.26796875 0.46875 0.01953125 0.03359375
0 0.3265625 0.7671875 0.3296875 0.76875 0.334375 0.7796875 0.334375 0.7875 0.328125 0.7984375 0.321875 0.7984375 0.3171875 0.7921875 0.3171875 0.775 0.3203125 0.76875 0.325 0.7671875
1 0.2234375 0.578125 0.2296875 0.575 0.234375 0.5796875 0.2375 0.5875 0.2375 0.596875 0.234375 0.6046875 0.23125 0.6078125 0.2265625 0.6078125 0.2203125 0.5984375 0.2203125 0.584375 0.2234375 0.5796875