0 0.478125 0.5921875 0.484375 0.603125 0.484375 0.6125 0.478125 0.6234375 0.4734375 0.6234375 0.4671875 0.615625 0.4671875 0.6 0.471875 0.5921875 0.4765625 0.5921875
0 0.6609375 0.53203125 0.01953125 0.034375
0 0.4421875 0.521875 0.45 0.5203125 0.45625 0.528125 0.4546875 0.546875 0.45 0.5515625 0.44375 0.5515625 0.4390625 0.54375 0.4390625 0.528125 0.4421875 0.5234375
0 0.7625 0.4859375 0.7578125 0.4765625 0.7578125 0.4640625 0.7640625 0.4546875 0.76875 0.4546875 0.775 0.4640625 0.7734375 0.48125 0.7703125 0.4859375 0.7640625 0.4859375
0 0.7015625 0.29375 0.7078125 0.303125 0.7078125 0.31875 0.7015625 0.3265625 0.6984375 0.3265625 0.69375 0.321875 0.690625 0.3140625 0.6921875 0.3 0.7 0.29375
0 0.40625 0.49375 0.4125 0.5015625 0.4125 0.51875 0.4078125 0.5265625 0.4015625 0.5265625 0.396875 0.51875 0.396875 0.5 0.4046875 0.49375
0 0.6703125 0.578125 0.6765625 0.5875 0.6765625 0.6015625 0.6734375 0.6078125 0.66875 0.6109375 0.665625 0.6109375 0.659375 0.6015625 0.6609375 0.5828125 0.66875 0.578125
0 0.646875 0.6109375 0.653125 0.6140625 0.65625 0.6234375 0.65625 0.63125 0.6515625 0.6421875 0.64375 0.6421875 0.6390625 0.634375 0.6390625 0.6203125 0.640625 0.615625 0.6453125 0.6125
0 0.7546875 0.66875 0.759375 0.675 0.7609375 0.6875 0.7578125 0.6953125 0.7515625 0.7 0.74375 0.6921875 0.74375 0.675 0.7484375 0.66875 0.753125 0.66875
0 0.75703125 0.42578125 0.01796875 0.034375
0 0.7328125 0.434375 0.7390625 0.4421875 0.7390625 0.4578125 0.7375 0.4625 0.73125 0.4671875 0.7265625 0.465625 0.7234375 0.4578125 0.7234375 0.4421875 0.73125 0.434375
0 0.671875 0.7421875 0.678125 0.7546875 0.6765625 0.7671875 0.671875 0.7734375 0.665625 0.7734375 0.659375 0.7625 0.659375 0.753125 0.6625 0.7453125 0.665625 0.7421875 0.6703125 0.7421875
1 0.4390625 0.309375 0.446875 0.31875 0.446875 0.334375 0.44375 0.340625 0.4359375 0.3421875 0.4296875 0.33125 0.43125 0.3171875 0.4375 0.3109375