0 0.425 0.5140625 0.428125 0.5125 0.4328125 0.5140625 0.4375 0.521875 0.4375 0.5375 0.4328125 0.5453125 0.4265625 0.5453125 0.4203125 0.534375 0.4203125 0.5234375 0.425 0.515625
0 0.2125 0.721875 0.215625 0.7234375 0.2171875 0.728125 0.2171875 0.7453125 0.2125 0.7515625 0.2046875 0.7515625 0.2 0.7421875 0.2015625 0.725 0.2078125 0.7203125 0.2109375 0.721875
0 0.3046875 0.4890625 0.3140625 0.4984375 0.3125 0.5171875 0.3078125 0.521875 0.303125 0.521875 0.296875 0.5125 0.296875 0.4984375 0.3 0.4921875 0.303125 0.490625
0 0.425 0.4515625 0.4296875 0.4546875 0.4328125 0.4625 0.4328125 0.471875 0.428125 0.4828125 0.4203125 0.4828125 0.415625 0.4765625 0.415625 0.459375 0.4234375 0.4515625
0 0.79375 0.4484375 0.8 0.4578125 0.8 0.4734375 0.79375 0.48125 0.790625 0.48125 0.7859375 0.4765625 0.7828125 0.4671875 0.784375 0.4546875 0.7875 0.45 0.7921875 0.4484375
0 0.79375 0.521875 0.7984375 0.5296875 0.7984375 0.54375 0.7921875 0.5515625 0.7875 0.5515625 0.78125 0.5421875 0.7828125 0.525 0.7890625 0.5203125 0.7921875 0.521875
0 0.215625 0.4046875 0.2203125 0.4078125 0.2234375 0.4140625 0.2234375 0.428125 0.2203125 0.434375 0.215625 0.4375 0.209375 0.4328125 0.20625 0.4265625 0.20625 0.4140625 0.209375 0.4078125 0.2140625 0.4046875
0 0.38125 0.740625 0.3765625 0.7234375 0.3796875 0.7140625 0.3859375 0.709375 0.39375 0.715625 0.3953125 0.7296875 0.390625 0.740625 0.3875 0.7421875 0.3828125 0.740625
0 0.76875 0.43125 0.7734375 0.4390625 0.7734375 0.4546875 0.7703125 0.4609375 0.7671875 0.4625 0.7609375 0.4609375 0.7578125 0.45625 0.7578125 0.4375 0.7625 0.43125 0.7671875 0.43125
0 0.3546875 0.7484375 0.3578125 0.75625 0.3578125 0.76875 0.3515625 0.778125 0.3453125 0.7765625 0.3421875 0.771875 0.340625 0.7578125 0.346875 0.746875 0.353125 0.7484375
1 0.5328125 0.4890625 0.5390625 0.4984375 0.5390625 0.5125 0.5359375 0.5203125 0.5328125 0.521875 0.528125 0.521875 0.521875 0.5125 0.5234375 0.4953125 0.525 0.4921875 0.53125 0.4890625