0 0.79140625 0.29375 0.01796875 0.03359375
0 0.215625 0.3921875 0.2203125 0.396875 0.221875 0.4125 0.2203125 0.41875 0.2140625 0.4234375 0.209375 0.421875 0.2046875 0.4125 0.20625 0.396875 0.209375 0.3921875 0.2140625 0.3921875
0 0.5140625 0.4515625 0.509375 0.4421875 0.509375 0.4296875 0.5140625 0.421875 0.521875 0.421875 0.5265625 0.4296875 0.525 0.446875 0.521875 0.4515625 0.51875 0.453125 0.515625 0.4515625
0 0.65625 0.61875 0.6640625 0.61875 0.66875 0.6265625 0.6671875 0.6453125 0.665625 0.6484375 0.6578125 0.65 0.6515625 0.640625 0.6515625 0.628125 0.65625 0.6203125
0 0.234375 0.4046875 0.2296875 0.403125 0.225 0.3953125 0.225 0.3796875 0.228125 0.375 0.2375 0.3734375 0.2421875 0.3828125 0.2421875 0.39375 0.2390625 0.4015625 0.2359375 0.403125
0 0.6015625 0.678125 0.6078125 0.6875 0.6078125 0.7015625 0.6015625 0.7109375 0.59375 0.7078125 0.590625 0.7 0.5921875 0.684375 0.5953125 0.6796875 0.6 0.678125
0 0.2328125 0.7484375 0.2375 0.7546875 0.2375 0.771875 0.23125 0.7796875 0.2234375 0.7765625 0.221875 0.771875 0.221875 0.7546875 0.2265625 0.7484375 0.23125 0.7484375
0 0.21875 0.5234375 0.221875 0.528125 0.221875 0.546875 0.2171875 0.553125 0.2109375 0.553125 0.2046875 0.540625 0.2078125 0.525 0.2109375 0.521875 0.2171875 0.5234375
0 0.4484375 0.43359375 0.01875 0.034375
0 0.2421875 0.6390625 0.25 0.6375 0.25625 0.6484375 0.2546875 0.6640625 0.25 0.66875 0.2453125 0.66875 0.240625 0.665625 0.2390625 0.6609375 0.2390625 0.6453125 0.2421875 0.640625
0 0.60625 0.4234375 0.6109375 0.4296875 0.6109375 0.4453125 0.6046875 0.4546875 0.5984375 0.453125 0.59375 0.4421875 0.596875 0.425 0.6015625 0.421875 0.6046875 0.4234375
0 0.5046875 0.634375 0.5109375 0.6421875 0.5109375 0.6609375 0.5046875 0.6671875 0.4984375 0.665625 0.49375 0.65625 0.4953125 0.6421875 0.503125 0.634375
0 0.6125 0.71875 0.61875 0.7296875 0.61875 0.7421875 0.615625 0.7484375 0.6109375 0.7515625 0.603125 0.7453125 0.6015625 0.7390625 0.603125 0.725 0.6046875 0.721875 0.6109375 0.71875
0 0.55 0.4234375 0.546875 0.4171875 0.546875 0.4 0.5515625 0.39375 0.559375 0.39375 0.5640625 0.403125 0.5625 0.4203125 0.5578125 0.425 0.5515625 0.4234375
0 0.678125 0.540625 0.684375 0.546875 0.684375 0.565625 0.6796875 0.571875 0.6734375 0.571875 0.66875 0.565625 0.66875 0.546875 0.671875 0.5421875 0.6765625 0.540625
1 0.784375 0.5546875 0.7890625 0.5625 0.7890625 0.578125 0.784375 0.5859375 0.778125 0.5859375 0.771875 0.5734375 0.775 0.5578125 0.778125 0.5546875 0.7828125 0.5546875