0 0.79140625 0.29375 0.01796875 0.03359375
0 0.2171875 0.4 0.2203125 0.4046875 0.2203125 0.4234375 0.2125 0.43125 0.2046875 0.421875 0.203125 0.4109375 0.209375 0.3984375 0.215625 0.4
0 0.4359375 0.409375 0.4421875 0.4203125 0.4421875 0.4296875 0.440625 0.4359375 0.4328125 0.4421875 0.425 0.434375 0.425 0.4140625 0.4296875 0.409375 0.434375 0.409375
0 0.70625 0.5796875 0.01875 0.03359375
0 0.2328125 0.3734375 0.2390625 0.3828125 0.2390625 0.3953125 0.2359375 0.4015625 0.23125 0.4046875 0.2265625 0.403125 0.221875 0.3953125 0.2234375 0.378125 0.2265625 0.3734375 0.23125 0.3734375
0 0.5375 0.609375 0.540625 0.6078125 0.5453125 0.609375 0.55 0.6171875 0.5484375 0.6359375 0.54375 0.640625 0.540625 0.640625 0.5359375 0.6375 0.5328125 0.6296875 0.5328125 0.6203125 0.5375 0.6109375
0 0.5578125 0.39375 0.5640625 0.403125 0.5640625 0.415625 0.5578125 0.425 0.55 0.4234375 0.546875 0.4171875 0.546875 0.4 0.5515625 0.39375 0.55625 0.39375
0 0.203125 0.5546875 0.209375 0.5546875 0.215625 0.5640625 0.2140625 0.58125 0.2109375 0.5859375 0.203125 0.5859375 0.1984375 0.578125 0.1984375 0.5625 0.203125 0.55625
0 0.5984375 0.34921875 0.01875 0.034375
0 0.60625 0.4234375 0.6109375 0.4296875 0.6109375 0.4453125 0.6046875 0.4546875 0.5984375 0.453125 0.59375 0.4421875 0.596875 0.425 0.6015625 0.421875 0.6046875 0.4234375
0 0.51875 0.4203125 0.5234375 0.4234375 0.5265625 0.4328125 0.5265625 0.440625 0.5203125 0.4515625 0.515625 0.4515625 0.509375 0.44375 0.509375 0.428125 0.5171875 0.4203125
0 0.5046875 0.634375 0.5109375 0.6421875 0.5109375 0.6609375 0.5046875 0.6671875 0.4984375 0.665625 0.49375 0.65625 0.4953125 0.6421875 0.503125 0.634375
0 0.6015625 0.678125 0.60625 0.6828125 0.6078125 0.6890625 0.6078125 0.7015625 0.6015625 0.7109375 0.59375 0.7078125 0.590625 0.7 0.5921875 0.6828125 0.6 0.678125
0 0.2109375 0.7203125 0.215625 0.7234375 0.21875 0.734375 0.2171875 0.7453125 0.2125 0.7515625 0.20625 0.7515625 0.2015625 0.74375 0.2 0.734375 0.203125 0.7234375 0.209375 0.7203125
0 0.70625 0.3390625 0.7109375 0.3453125 0.7125 0.3578125 0.7109375 0.365625 0.7078125 0.3703125 0.703125 0.371875 0.696875 0.365625 0.6953125 0.3484375 0.6984375 0.340625 0.7046875 0.3390625
1 0.62421875 0.525 0.01875 0.03359375