0 0.47265625 0.70078125 0.01875 0.034375
0 0.58203125 0.39609375 0.01875 0.03359375
0 0.734375 0.6734375 0.740625 0.6796875 0.7421875 0.6875 0.740625 0.6984375 0.7359375 0.70625 0.73125 0.70625 0.7265625 0.7015625 0.7234375 0.6921875 0.725 0.6796875 0.728125 0.675 0.7328125 0.6734375
0 0.278125 0.721875 0.2828125 0.728125 0.284375 0.740625 0.2828125 0.746875 0.2765625 0.753125 0.271875 0.753125 0.265625 0.7421875 0.26875 0.725 0.271875 0.721875 0.2765625 0.721875
0 0.2125 0.7671875 0.2171875 0.7734375 0.2171875 0.790625 0.2125 0.796875 0.20625 0.796875 0.2 0.7859375 0.2015625 0.771875 0.20625 0.7671875 0.2109375 0.7671875
0 0.4359375 0.409375 0.4421875 0.41875 0.4421875 0.43125 0.4375 0.440625 0.434375 0.4421875 0.43125 0.4421875 0.4265625 0.4375 0.4234375 0.4265625 0.425 0.4140625 0.4296875 0.409375 0.434375 0.409375
0 0.203125 0.5546875 0.209375 0.5546875 0.215625 0.5640625 0.2140625 0.58125 0.2109375 0.5859375 0.203125 0.5859375 0.1984375 0.578125 0.1984375 0.5625 0.203125 0.55625
0 0.71640625 0.41953125 0.01875 0.034375
0 0.2296875 0.3734375 0.2359375 0.375 0.2390625 0.384375 0.2390625 0.3953125 0.23125 0.4046875 0.228125 0.4046875 0.221875 0.39375 0.221875 0.38125 0.2234375 0.378125 0.228125 0.3828125 0.2296875 0.375
0 0.2140625 0.3984375 0.2203125 0.4046875 0.2203125 0.4234375 0.2140625 0.4296875 0.20625 0.4265625 0.203125 0.4171875 0.2046875 0.4046875 0.2078125 0.4 0.2125 0.3984375
0 0.5875 0.4609375 0.590625 0.4625 0.59375 0.46875 0.59375 0.484375 0.590625 0.490625 0.5875 0.4921875 0.58125 0.490625 0.5765625 0.48125 0.578125 0.4671875 0.58125 0.4625 0.5859375 0.4609375
0 0.6671875 0.3015625 0.671875 0.303125 0.6765625 0.3125 0.6765625 0.321875 0.6734375 0.33125 0.6640625 0.3328125 0.659375 0.325 0.659375 0.3109375 0.6609375 0.30625 0.665625 0.303125
0 0.67109375 0.39375 0.01875 0.034375
0 0.7859375 0.2796875 0.79375 0.278125 0.8 0.2890625 0.8 0.3015625 0.79375 0.309375 0.7890625 0.309375 0.7828125 0.3015625 0.7828125 0.2859375 0.7859375 0.28125
1 0.6375 0.5375 0.640625 0.5421875 0.6421875 0.55625 0.6390625 0.565625 0.6359375 0.5671875 0.6296875 0.5671875 0.625 0.559375 0.6265625 0.553125 0.63125 0.5546875 0.634375 0.5515625 0.63125 0.546875 0.6265625 0.5453125 0.6265625 0.5390625 0.6328125 0.5359375 0.6359375 0.5375