0 0.36171875 0.67421875 0.01953125 0.03203125
0 0.590625 0.4625 0.59375 0.46875 0.59375 0.484375 0.590625 0.490625 0.5875 0.4921875 0.5796875 0.4890625 0.5765625 0.48125 0.5765625 0.471875 0.5796875 0.4640625 0.584375 0.459375 0.5890625 0.4625
0 0.70546875 0.73515625 0.01875 0.03359375
0 0.4734375 0.70078125 0.01953125 0.034375
0 0.2796875 0.409375 0.284375 0.4140625 0.2875 0.4234375 0.2859375 0.4359375 0.2796875 0.4421875 0.2765625 0.4421875 0.271875 0.4375 0.26875 0.428125 0.2703125 0.4171875 0.278125 0.409375
0 0.2125 0.7671875 0.2171875 0.7734375 0.2171875 0.790625 0.2125 0.796875 0.20625 0.796875 0.2 0.7859375 0.2015625 0.771875 0.20625 0.7671875 0.2109375 0.7671875
0 0.55 0.778125 0.553125 0.7796875 0.55625 0.7875 0.55625 0.803125 0.55 0.8109375 0.546875 0.8109375 0.5421875 0.80625 0.5390625 0.796875 0.540625 0.784375 0.54375 0.7796875 0.5484375 0.778125
0 0.603125 0.7125 0.609375 0.721875 0.609375 0.7375 0.6046875 0.7453125 0.5984375 0.7453125 0.5921875 0.7359375 0.59375 0.71875 0.596875 0.7140625 0.6015625 0.7125
0 0.4265625 0.425 0.4296875 0.4328125 0.4296875 0.446875 0.425 0.45625 0.41875 0.45625 0.4125 0.446875 0.4140625 0.428125 0.41875 0.4234375 0.425 0.425
0 0.7375 0.453125 0.7421875 0.459375 0.7421875 0.4765625 0.734375 0.484375 0.7296875 0.4828125 0.7265625 0.478125 0.725 0.4625 0.7296875 0.453125 0.7328125 0.4515625 0.7359375 0.453125
0 0.5203125 0.775 0.525 0.784375 0.525 0.7984375 0.51875 0.8078125 0.5125 0.80625 0.5078125 0.796875 0.5078125 0.784375 0.5140625 0.775 0.51875 0.775
0 0.6875 0.434375 0.6921875 0.4421875 0.6921875 0.4578125 0.6859375 0.465625 0.6828125 0.465625 0.675 0.4546875 0.6765625 0.4390625 0.68125 0.434375 0.6859375 0.434375
1 0.6015625 0.6390625 0.6078125 0.64375 0.609375 0.6484375 0.609375 0.665625 0.60625 0.6703125 0.5984375 0.671875 0.5921875 0.6609375 0.59375 0.646875 0.6 0.640625