0 0.5875 0.4609375 0.590625 0.4625 0.59375 0.46875 0.59375 0.484375 0.5875 0.4921875 0.5828125 0.4921875 0.5765625 0.4828125 0.58125 0.4625 0.5859375 0.4609375
0 0.2125 0.7671875 0.2171875 0.7734375 0.2171875 0.790625 0.2125 0.796875 0.20625 0.796875 0.2 0.7859375 0.2 0.7765625 0.203125 0.7703125 0.20625 0.7671875 0.2109375 0.7671875
0 0.59296875 0.75078125 0.01875 0.034375
0 0.2484375 0.7421875 0.253125 0.7484375 0.253125 0.765625 0.2453125 0.7734375 0.2375 0.765625 0.2375 0.7484375 0.2421875 0.7421875 0.246875 0.7421875
0 0.4265625 0.425 0.4296875 0.4328125 0.4296875 0.446875 0.4234375 0.45625 0.41875 0.45625 0.4140625 0.4515625 0.4125 0.4328125 0.41875 0.4234375 0.425 0.425
0 0.20625 0.2953125 0.2125 0.3015625 0.2125 0.3203125 0.2078125 0.3265625 0.2015625 0.3265625 0.1953125 0.3140625 0.196875 0.303125 0.2046875 0.2953125
0 0.6875 0.434375 0.6921875 0.4421875 0.6921875 0.4578125 0.6859375 0.465625 0.6828125 0.465625 0.678125 0.4609375 0.675 0.453125 0.6765625 0.4390625 0.68125 0.434375 0.6859375 0.434375
0 0.70546875 0.73515625 0.01875 0.03359375
0 0.55 0.778125 0.553125 0.7796875 0.55625 0.7875 0.55625 0.8015625 0.55 0.8109375 0.546875 0.8109375 0.5421875 0.80625 0.5390625 0.796875 0.540625 0.784375 0.54375 0.7796875 0.5484375 0.778125
0 0.278125 0.415625 0.284375 0.4203125 0.2875 0.43125 0.2859375 0.4421875 0.2828125 0.446875 0.2796875 0.4484375 0.2734375 0.446875 0.26875 0.4359375 0.26875 0.425 0.271875 0.41875 0.2765625 0.4171875
1 0.9328125 0.1078125 0.9421875 0.115625 0.946875 0.1234375 0.9515625 0.140625 0.9515625 0.15625 0.946875 0.175 0.940625 0.1859375 0.9328125 0.190625 0.921875 0.190625 0.9125 0.18125 0.9078125 0.171875 0.9046875 0.1578125 0.9046875 0.1390625 0.9109375 0.11875 0.91875 0.109375 0.93125 0.1078125
1 0.328125 0.7703125 0.3328125 0.7734375 0.328125 0.7828125 0.33125 0.7859375 0.3328125 0.7828125 0.3359375 0.7828125 0.334375 0.7984375 0.328125 0.803125 0.3234375 0.8015625 0.3203125 0.7953125 0.3203125 0.778125 0.3265625 0.771875