0 0.6546875 0.51875 0.6625 0.515625 0.66875 0.525 0.66875 0.540625 0.6640625 0.546875 0.659375 0.5484375 0.6546875 0.5453125 0.6515625 0.5375 0.6515625 0.525 0.6546875 0.5203125
0 0.2921875 0.675 0.3 0.6859375 0.3 0.70625 0.29375 0.7171875 0.284375 0.7171875 0.278125 0.703125 0.2796875 0.6828125 0.2859375 0.675 0.290625 0.675
0 0.40625 0.49375 0.4125 0.5 0.4140625 0.5078125 0.4125 0.5203125 0.4078125 0.5265625 0.4 0.525 0.396875 0.5203125 0.3953125 0.5109375 0.396875 0.5 0.4046875 0.49375
0 0.7609375 0.6140625 0.76875 0.625 0.76875 0.6421875 0.7625 0.65 0.753125 0.6484375 0.7484375 0.6359375 0.75 0.621875 0.7546875 0.615625 0.759375 0.6140625
0 0.225 0.3890625 0.228125 0.3921875 0.23125 0.4046875 0.2296875 0.4140625 0.225 0.4203125 0.2203125 0.4203125 0.215625 0.415625 0.2125 0.40625 0.215625 0.3921875 0.21875 0.3890625 0.2234375 0.3890625
0 0.671875 0.5796875 0.6765625 0.5875 0.6765625 0.6015625 0.6703125 0.6109375 0.665625 0.6109375 0.659375 0.6015625 0.6609375 0.5828125 0.6671875 0.578125 0.6703125 0.5796875
0 0.4484375 0.578125 0.4515625 0.584375 0.453125 0.5984375 0.45 0.60625 0.4453125 0.6109375 0.4390625 0.6109375 0.434375 0.60625 0.4328125 0.5875 0.4390625 0.5765625 0.44375 0.575 0.446875 0.578125
0 0.7796875 0.653125 0.7828125 0.6546875 0.7875 0.66875 0.784375 0.6859375 0.778125 0.6921875 0.7734375 0.6921875 0.76875 0.6890625 0.7640625 0.6734375 0.7671875 0.6578125 0.775 0.6515625 0.778125 0.653125
0 0.7921875 0.3578125 0.796875 0.3640625 0.796875 0.38125 0.7890625 0.3890625 0.784375 0.3875 0.78125 0.3828125 0.7796875 0.36875 0.7828125 0.359375 0.790625 0.3578125
0 0.44453125 0.51953125 0.02265625 0.03671875
0 0.7125 0.45078125 0.02109375 0.03671875
1 0.45859375 0.64296875 0.0203125 0.034375