0 0.5359375 0.309375 0.54375 0.309375 0.5484375 0.31875 0.546875 0.3359375 0.54375 0.340625 0.5359375 0.340625 0.5328125 0.3359375 0.53125 0.325 0.53125 0.31875 0.5359375 0.3109375
0 0.20625 0.2828125 0.209375 0.290625 0.209375 0.3046875 0.2046875 0.3125 0.1984375 0.3125 0.19375 0.30625 0.19375 0.2890625 0.1984375 0.2828125 0.2015625 0.28125 0.2046875 0.2828125
0 0.7125 0.5890625 0.7171875 0.5921875 0.7203125 0.5984375 0.7203125 0.6125 0.7140625 0.621875 0.709375 0.621875 0.703125 0.6125 0.703125 0.5984375 0.70625 0.5921875 0.7109375 0.5890625
0 0.28515625 0.42421875 0.01953125 0.03359375
0 0.4390625 0.296875 0.4453125 0.3078125 0.4453125 0.3171875 0.4390625 0.328125 0.434375 0.328125 0.428125 0.31875 0.428125 0.30625 0.43125 0.3 0.4375 0.296875
0 0.3875 0.4984375 0.3921875 0.5078125 0.3921875 0.51875 0.3890625 0.5265625 0.384375 0.5296875 0.3796875 0.528125 0.375 0.5203125 0.375 0.5046875 0.3796875 0.4984375 0.3828125 0.496875 0.3859375 0.4984375
0 0.60625 0.403125 0.6125 0.4140625 0.6125 0.4234375 0.609375 0.43125 0.6046875 0.4359375 0.6015625 0.4359375 0.596875 0.43125 0.59375 0.421875 0.5953125 0.409375 0.6 0.403125 0.6046875 0.403125
0 0.28125 0.3390625 0.2875 0.346875 0.2890625 0.35625 0.2875 0.365625 0.2828125 0.371875 0.2765625 0.371875 0.271875 0.3640625 0.271875 0.346875 0.2796875 0.3390625
0 0.4359375 0.7296875 0.44375 0.728125 0.45 0.740625 0.446875 0.75625 0.4421875 0.7609375 0.4390625 0.7609375 0.4328125 0.7515625 0.4328125 0.734375 0.4359375 0.73125
0 0.4125 0.53125 0.4078125 0.5234375 0.4078125 0.5078125 0.4140625 0.5 0.41875 0.5 0.425 0.509375 0.4234375 0.5265625 0.41875 0.53125 0.4140625 0.53125
0 0.796875 0.3015625 0.8046875 0.3078125 0.80625 0.3125 0.80625 0.3203125 0.8 0.3328125 0.790625 0.33125 0.7875 0.3234375 0.7890625 0.30625 0.7953125 0.3015625
0 0.396875 0.3484375 0.4015625 0.35625 0.4015625 0.3703125 0.396875 0.378125 0.390625 0.378125 0.3859375 0.3734375 0.384375 0.3671875 0.384375 0.3578125 0.3875 0.35 0.3921875 0.346875 0.3953125 0.3484375
1 0.746875 0.7734375 0.7515625 0.7796875 0.753125 0.7875 0.7515625 0.7984375 0.746875 0.8046875 0.7421875 0.8046875 0.7359375 0.796875 0.7359375 0.7796875 0.740625 0.7734375 0.7453125 0.7734375