0 0.62109375 0.346875 0.01875 0.03359375
0 0.7125 0.5890625 0.7171875 0.5921875 0.7203125 0.5984375 0.7203125 0.6125 0.7140625 0.621875 0.709375 0.621875 0.703125 0.6125 0.703125 0.5984375 0.70625 0.5921875 0.7109375 0.5890625
0 0.20625 0.2828125 0.209375 0.2890625 0.209375 0.30625 0.2046875 0.3125 0.1984375 0.3125 0.1921875 0.3 0.1953125 0.2859375 0.2015625 0.28125 0.2046875 0.2828125
0 0.4125 0.53125 0.4078125 0.5234375 0.4078125 0.5078125 0.4140625 0.5 0.41875 0.5 0.425 0.509375 0.4234375 0.5265625 0.41875 0.53125 0.4140625 0.53125
0 0.640625 0.6234375 0.646875 0.6296875 0.6484375 0.6359375 0.6484375 0.6453125 0.640625 0.65625 0.6375 0.65625 0.63125 0.646875 0.63125 0.6328125 0.634375 0.625 0.6390625 0.6234375
0 0.28515625 0.42421875 0.01953125 0.034375
0 0.3875 0.4984375 0.3921875 0.5078125 0.3921875 0.51875 0.3890625 0.5265625 0.384375 0.5296875 0.3796875 0.528125 0.375 0.5203125 0.375 0.50625 0.3796875 0.4984375 0.3828125 0.496875 0.3859375 0.4984375
0 0.7171875 0.425 0.721875 0.4328125 0.721875 0.4484375 0.7171875 0.45625 0.7109375 0.45625 0.70625 0.4515625 0.7046875 0.4453125 0.7078125 0.428125 0.7109375 0.425 0.715625 0.425
0 0.5359375 0.309375 0.54375 0.309375 0.5484375 0.31875 0.546875 0.3359375 0.54375 0.340625 0.5359375 0.340625 0.5328125 0.3359375 0.53125 0.3265625 0.53125 0.31875 0.5359375 0.3109375
0 0.6828125 0.73125 0.678125 0.721875 0.678125 0.7109375 0.684375 0.7 0.6890625 0.7 0.6953125 0.7078125 0.69375 0.728125 0.6890625 0.7328125 0.684375 0.73125
0 0.73125 0.35 0.7359375 0.353125 0.740625 0.3640625 0.7390625 0.3765625 0.7359375 0.38125 0.728125 0.3828125 0.7234375 0.3765625 0.7234375 0.3578125 0.7296875 0.3515625
0 0.796875 0.3015625 0.803125 0.3109375 0.803125 0.321875 0.796875 0.3328125 0.790625 0.3328125 0.7875 0.3296875 0.784375 0.31875 0.7875 0.3046875 0.7921875 0.3 0.7953125 0.3015625
1 0.3625 0.6296875 0.36875 0.640625 0.36875 0.6515625 0.365625 0.6578125 0.359375 0.6625 0.353125 0.6578125 0.35 0.6421875 0.353125 0.6328125 0.35625 0.6296875 0.3609375 0.6296875