0 0.575 0.7921875 0.578125 0.79375 0.58125 0.8 0.58125 0.81875 0.5765625 0.8234375 0.5703125 0.8234375 0.5640625 0.8109375 0.565625 0.8 0.56875 0.79375 0.5734375 0.7921875
0 0.546875 0.31875 0.55 0.3234375 0.55 0.340625 0.54375 0.3484375 0.5390625 0.3484375 0.5359375 0.3453125 0.5328125 0.3375 0.5328125 0.328125 0.5390625 0.3171875 0.5453125 0.31875
0 0.28515625 0.42421875 0.01953125 0.034375
0 0.7984375 0.303125 0.803125 0.3125 0.803125 0.321875 0.796875 0.3328125 0.790625 0.3328125 0.784375 0.321875 0.7875 0.3046875 0.7921875 0.3 0.796875 0.303125
0 0.7015625 0.3203125 0.7078125 0.325 0.709375 0.3296875 0.7078125 0.3453125 0.703125 0.3515625 0.696875 0.3515625 0.6921875 0.3421875 0.6921875 0.328125 0.7 0.3203125
0 0.3375 0.29375 0.3453125 0.3 0.346875 0.3046875 0.3453125 0.321875 0.340625 0.3265625 0.3359375 0.3265625 0.33125 0.321875 0.3296875 0.303125 0.33125 0.2984375 0.3359375 0.2953125
0 0.203125 0.28125 0.20625 0.2828125 0.209375 0.290625 0.209375 0.3046875 0.20625 0.3109375 0.1984375 0.3125 0.19375 0.30625 0.19375 0.2890625 0.1984375 0.2828125 0.2015625 0.2828125
0 0.671875 0.3765625 0.66875 0.35625 0.675 0.346875 0.6796875 0.346875 0.684375 0.353125 0.6859375 0.3703125 0.6796875 0.378125 0.6734375 0.3765625
0 0.6578125 0.58125 0.6625 0.584375 0.665625 0.59375 0.665625 0.6015625 0.659375 0.6125 0.653125 0.6125 0.6484375 0.603125 0.6484375 0.5890625 0.65625 0.58125
0 0.7953125 0.7078125 0.8 0.7140625 0.8015625 0.721875 0.8 0.7328125 0.7953125 0.7375 0.7890625 0.7375 0.784375 0.7328125 0.784375 0.7140625 0.7890625 0.7078125 0.79375 0.7078125
0 0.7234375 0.3109375 0.728125 0.31875 0.728125 0.334375 0.7203125 0.3421875 0.7109375 0.3328125 0.7109375 0.3203125 0.71875 0.309375 0.721875 0.3109375
0 0.41875 0.2953125 0.421875 0.296875 0.4265625 0.309375 0.425 0.31875 0.41875 0.3265625 0.4140625 0.3265625 0.4078125 0.3140625 0.4109375 0.2984375 0.4171875 0.2953125
1 0.3734375 0.525 0.3796875 0.525 0.384375 0.5296875 0.3859375 0.5359375 0.384375 0.5515625 0.3796875 0.5578125 0.3734375 0.55625 0.36875 0.546875 0.36875 0.534375 0.3734375 0.5265625