3 0.7985234375 0.6933611111111111 0.019671875 0.036430555555555556
1 0.5235546875 0.39776388888888886 0.0202890625 0.037125
1 0.4325546875 0.3090277777777778 0.0196171875 0.03365277777777778
1 0.5175859375 0.3178888888888889 0.0204375 0.035541666666666666
1 0.5777890625000001 0.33566666666666667 0.020585937500000002 0.036597222222222225
1 0.787109375 0.31602777777777774 0.020585937500000002 0.036069444444444446
1 0.7174375000000001 0.513625 0.0210234375 0.036597222222222225
1 0.7620859375 0.6031111111111112 0.0202890625 0.034749999999999996
1 0.6214921875 0.563625 0.020585937500000002 0.03686111111111111
1 0.30105468750000003 0.47451388888888885 0.020585937500000002 0.035541666666666666
1 0.267078125 0.6108888888888888 0.0208828125 0.036333333333333336
1 0.22931249999999997 0.6886388888888889 0.0204375 0.03501388888888889
1 0.8890625 0.7713194444444444 0.018062500000000002 0.033166666666666664
1 0.88965625 0.804625 0.018953125 0.03184722222222222
1 0.8898046875000001 0.8355555555555556 0.018953125 0.03211111111111111
1 0.8894296875000001 0.7393888888888889 0.0198828125 0.034361111111111106
1 0.21667187499999999 0.19944444444444442 0.025492187500000003 0.04579166666666667
1 0.246140625 0.19991666666666666 0.0265546875 0.04768055555555555
1 0.275484375 0.1987361111111111 0.026289062499999998 0.04626388888888889
1 0.3046953125 0.19968055555555558 0.0268203125 0.043430555555555556
1 0.3352265625 0.19968055555555558 0.0268203125 0.04626388888888889
1 0.36390625 0.2003888888888889 0.026289062499999998 0.04484722222222222
1 0.73325 0.19920833333333335 0.026289062499999998 0.04626388888888889
1 0.762859375 0.19944444444444442 0.0265546875 0.04768055555555555
1 0.7920625 0.19944444444444442 0.0249609375 0.04579166666666667
1 0.8220703125 0.19920833333333335 0.026023437500000003 0.04531944444444445
2 0.5198750000000001 0.26022222222222224 0.038546875 0.06222222222222222
2 0.5182890625 0.860375 0.035984375 0.0639861111111111
2 0.8308984374999999 0.8456666666666667 0.04496875 0.07091666666666667
2 0.2076796875 0.2725972222222222 0.0429296875 0.074
2 0.20694531249999998 0.8451805555555555 0.042671875 0.07009722222222223
2 0.831515625 0.27225 0.041335937499999996 0.07443055555555556
0 0.20916406250000003 0.5606111111111111 0.0120703125 0.4646527777777778
0 0.8291875 0.5599722222222222 0.01065625 0.46338888888888885
0 0.3693203125 0.2784027777777778 0.26278125 0.021458333333333333
0 0.368609375 0.8421666666666667 0.264203125 0.02272222222222222
0 0.668328125 0.2771388888888889 0.26278125 0.021458333333333333
0 0.6697421875 0.8434305555555556 0.264203125 0.02272222222222222