3 0.3666171875 0.8124166666666668 0.021976562499999998 0.04084722222222222
1 0.6709921875 0.5589305555555556 0.0194765625 0.034625
1 0.686453125 0.5765833333333333 0.0194375 0.035319444444444445
1 0.686015625 0.5431944444444444 0.0194375 0.03147222222222222
1 0.7024296875 0.5927083333333333 0.017703125 0.03377777777777778
1 0.7184062499999999 0.6095972222222222 0.0185703125 0.03377777777777778
1 0.73525 0.6257222222222222 0.020296875 0.03377777777777778
1 0.73525 0.4940555555555556 0.0211640625 0.03301388888888889
1 0.7022109375000001 0.5263055555555556 0.018140625 0.03147222222222222
1 0.71884375 0.5094166666666666 0.0194375 0.036083333333333335
1 0.7348203125 0.5927083333333333 0.0220234375 0.03377777777777778
1 0.734546875 0.5250694444444445 0.0206875 0.04018055555555555
1 0.7348125 0.5604583333333333 0.02225 0.034305555555555554
1 0.7183828125 0.5759027777777778 0.0203359375 0.03120833333333333
1 0.7176875 0.5429861111111111 0.021726562499999998 0.03276388888888889
1 0.701953125 0.5595277777777778 0.020515625000000003 0.033680555555555554
0 0.20916406250000003 0.5606111111111111 0.0120703125 0.4646527777777778
0 0.8291875 0.5599722222222222 0.01065625 0.46338888888888885
0 0.3693203125 0.2784027777777778 0.26278125 0.021458333333333333
0 0.368609375 0.8421666666666667 0.264203125 0.02272222222222222
0 0.668328125 0.2771388888888889 0.26278125 0.021458333333333333
0 0.6697421875 0.8434305555555556 0.264203125 0.02272222222222222
2 0.8323828125 0.27398611111111115 0.0426171875 0.07323611111111111
2 0.206296875 0.27234722222222224 0.04296875 0.07313888888888888
2 0.2060546875 0.8463611111111111 0.042812499999999996 0.07568055555555556
2 0.8315468750000001 0.8463611111111111 0.042234375000000005 0.07666666666666667
2 0.519046875 0.26063888888888886 0.032960937499999995 0.05826388888888889
2 0.5185546875 0.8585138888888889 0.0336015625 0.060875