1 0.8896484375 0.8343611111111111 0.019539062500000003 0.035736111111111114
1 0.7820546875 0.5261805555555555 0.0216953125 0.03933333333333333
1 0.3546875 0.66125 0.0212578125 0.03779166666666667
1 0.6861953125 0.5334583333333333 0.022093750000000002 0.03973611111111111
1 0.75 0.6126111111111111 0.019523437499999997 0.036250000000000004
3 0.26453125 0.5514166666666667 0.0209453125 0.03705555555555556
1 0.8035703125 0.7603333333333334 0.0215 0.036250000000000004
1 0.6673046874999999 0.6637916666666667 0.0212578125 0.03933333333333333
1 0.281703125 0.6780694444444444 0.0225625 0.03933333333333333
1 0.6976953124999999 0.6612916666666666 0.021078125 0.036375000000000005
1 0.43934375000000003 0.2000277777777778 0.0236640625 0.043416666666666666
1 0.465828125 0.1993611111111111 0.026296874999999997 0.04475
1 0.492875 0.19969444444444445 0.027046874999999998 0.04674999999999999
1 0.519359375 0.2003611111111111 0.026671875 0.04541666666666667
1 0.5462421875000001 0.19998611111111111 0.0270859375 0.044583333333333336
1 0.5728984374999999 0.20069444444444445 0.026296874999999997 0.043416666666666666
1 0.5997578125 0.19969444444444445 0.026671875 0.04674999999999999
1 0.6262421875 0.20069444444444445 0.027046874999999998 0.04608333333333333
0 0.20916406250000003 0.5606111111111111 0.0120703125 0.4646527777777778
0 0.8291875 0.5599722222222222 0.01065625 0.46338888888888885
0 0.3693203125 0.2784027777777778 0.26278125 0.021458333333333333
0 0.368609375 0.8421666666666667 0.264203125 0.02272222222222222
0 0.668328125 0.2771388888888889 0.26278125 0.021458333333333333
0 0.6697421875 0.8434305555555556 0.264203125 0.02272222222222222
2 0.8323828125 0.27398611111111115 0.0426171875 0.07323611111111111
2 0.206296875 0.27234722222222224 0.04296875 0.07313888888888888
2 0.2060546875 0.8463611111111111 0.042812499999999996 0.07568055555555556
2 0.8315468750000001 0.8463611111111111 0.042234375000000005 0.07666666666666667
2 0.519046875 0.26063888888888886 0.032960937499999995 0.05826388888888889
2 0.5185546875 0.8585138888888889 0.0336015625 0.060875