1 0.28507812499999996 0.505263888888889 0.020828125 0.03933333333333333
1 0.7820546875 0.5261805555555555 0.0216953125 0.03933333333333333
1 0.317125 0.6029305555555555 0.0212578125 0.03779166666666667
1 0.6861953125 0.5334583333333333 0.022093750000000002 0.03973611111111111
1 0.7506406250000001 0.6477361111111111 0.019523437499999997 0.036250000000000004
1 0.3391015625 0.4018472222222222 0.0209453125 0.03705555555555556
1 0.5971328125 0.8133611111111111 0.0215 0.036250000000000004
1 0.434984375 0.7350694444444444 0.0212578125 0.03933333333333333
1 0.3711640625 0.777861111111111 0.0225625 0.03933333333333333
3 0.7473203125000001 0.45456944444444447 0.021078125 0.036375000000000005
1 0.41135937499999997 0.19834722222222223 0.026296874999999997 0.04408333333333333
1 0.43934375000000003 0.2000277777777778 0.0236640625 0.043416666666666666
1 0.465828125 0.1993611111111111 0.026296874999999997 0.04475
1 0.492875 0.19969444444444445 0.027046874999999998 0.04674999999999999
1 0.519359375 0.2003611111111111 0.026671875 0.04541666666666667
1 0.5460390625 0.19998611111111111 0.026671875 0.0475
1 0.5728984374999999 0.20069444444444445 0.026296874999999997 0.043416666666666666
1 0.5997578125 0.19969444444444445 0.026671875 0.04674999999999999
1 0.6262421875 0.20069444444444445 0.027046874999999998 0.04608333333333333
0 0.20916406250000003 0.5606111111111111 0.0120703125 0.4646527777777778
0 0.8291875 0.5599722222222222 0.01065625 0.46338888888888885
0 0.3693203125 0.2784027777777778 0.26278125 0.021458333333333333
0 0.368609375 0.8421666666666667 0.264203125 0.02272222222222222
0 0.668328125 0.2771388888888889 0.26278125 0.021458333333333333
0 0.6697421875 0.8434305555555556 0.264203125 0.02272222222222222
2 0.8323828125 0.27398611111111115 0.0426171875 0.07323611111111111
2 0.206296875 0.27234722222222224 0.04296875 0.07313888888888888
2 0.2060546875 0.8463611111111111 0.042812499999999996 0.07568055555555556
2 0.8315468750000001 0.8463611111111111 0.042234375000000005 0.07666666666666667
2 0.519046875 0.26063888888888886 0.032960937499999995 0.05826388888888889
2 0.5185546875 0.8585138888888889 0.0336015625 0.060875