1 0.3015078125 0.4754166666666667 0.0203359375 0.03425
1 0.8895312499999999 0.8344583333333333 0.019984375 0.035527777777777776
1 0.26760937500000004 0.6104861111111112 0.0206953125 0.035527777777777776
1 0.3808203125 0.30625 0.020742187500000002 0.035958333333333335
1 0.36055468749999997 0.37006944444444445 0.0206953125 0.03615277777777778
1 0.41870312500000006 0.31244444444444447 0.0210546875 0.03869444444444444
1 0.22951562499999997 0.6889722222222222 0.022125 0.03805555555555555
1 0.577359375 0.33576388888888886 0.019265625 0.03615277777777778
1 0.49048437500000003 0.30990277777777775 0.0210546875 0.03805555555555555
1 0.7631796875 0.6028194444444444 0.0210546875 0.03743055555555556
3 0.3000625 0.3528055555555556 0.020390625000000002 0.033763888888888885
1 0.8893359375 0.8039166666666667 0.0207734375 0.03693055555555556
1 0.6220390625000001 0.5625 0.0205234375 0.03936111111111111
1 0.717921875 0.5146527777777778 0.022140625 0.035666666666666666
1 0.78825 0.3158611111111111 0.0188984375 0.03744444444444445
1 0.8891406249999999 0.77225 0.02003125 0.035611111111111114
2 0.5195078125 0.8608750000000001 0.0387109375 0.05316666666666667
2 0.8308203125 0.8457222222222222 0.0449453125 0.07088888888888889
2 0.20834375 0.8457222222222222 0.0468125 0.07120833333333333
2 0.2075703125 0.2738472222222222 0.0463359375 0.07056944444444445
2 0.5195078125 0.26268055555555553 0.0377421875 0.057249999999999995
2 0.8336171875 0.28170833333333334 0.04525 0.05547222222222222
0 0.20916406250000003 0.5606111111111111 0.0120703125 0.4646527777777778
0 0.8291875 0.5599722222222222 0.01065625 0.46338888888888885
0 0.3693203125 0.2784027777777778 0.26278125 0.021458333333333333
0 0.368609375 0.8421666666666667 0.264203125 0.02272222222222222
0 0.668328125 0.2771388888888889 0.26278125 0.021458333333333333
0 0.6697421875 0.8434305555555556 0.264203125 0.02272222222222222