1 0.2615859375 0.5284444444444445 0.0203359375 0.03425
1 0.8898203125 0.6059444444444444 0.019984375 0.035527777777777776
1 0.2633671875 0.5749861111111111 0.0206953125 0.035527777777777776
1 0.24050781250000003 0.6065138888888889 0.021765625 0.03615277777777778
1 0.31803906249999997 0.31505555555555553 0.021406249999999998 0.03743055555555556
1 0.3631328125 0.32452777777777775 0.0206953125 0.03615277777777778
1 0.5024921875 0.35530555555555554 0.0210546875 0.03869444444444444
1 0.329046875 0.7422638888888888 0.022125 0.03805555555555555
1 0.5794609375 0.33887500000000004 0.019265625 0.03615277777777778
1 0.509234375 0.3187222222222222 0.0210546875 0.03805555555555555
1 0.7631796875 0.6028194444444444 0.0210546875 0.03743055555555556
3 0.2561640625 0.3896944444444444 0.020390625000000002 0.033763888888888885
1 0.888921875 0.4276111111111111 0.0207734375 0.03693055555555556
1 0.62375 0.5362083333333333 0.0205234375 0.03936111111111111
1 0.725546875 0.4949166666666666 0.022140625 0.041277777777777774
1 0.7903515624999999 0.309625 0.0188984375 0.03744444444444445
0 0.20916406250000003 0.5606111111111111 0.0120703125 0.4646527777777778
0 0.8291875 0.5599722222222222 0.01065625 0.46338888888888885
0 0.3693203125 0.2784027777777778 0.26278125 0.021458333333333333
0 0.368609375 0.8421666666666667 0.264203125 0.02272222222222222
0 0.668328125 0.2771388888888889 0.26278125 0.021458333333333333
0 0.6697421875 0.8434305555555556 0.264203125 0.02272222222222222
2 0.8323828125 0.27398611111111115 0.0426171875 0.07323611111111111
2 0.206296875 0.27234722222222224 0.04296875 0.07313888888888888
2 0.2060546875 0.8463611111111111 0.042812499999999996 0.07568055555555556
2 0.8315468750000001 0.8463611111111111 0.042234375000000005 0.07666666666666667
2 0.519046875 0.26063888888888886 0.032960937499999995 0.05826388888888889
2 0.5185546875 0.8585138888888889 0.0336015625 0.060875