1 0.27771875 0.5072361111111111 0.0203359375 0.03425
1 0.88946875 0.6720416666666666 0.019984375 0.035527777777777776
1 0.266171875 0.5955694444444445 0.0206953125 0.035527777777777776
1 0.23033593749999998 0.6751111111111111 0.021765625 0.03615277777777778
1 0.31803906249999997 0.31755555555555554 0.021406249999999998 0.03743055555555556
1 0.3529609375 0.3419861111111111 0.0206953125 0.03615277777777778
1 0.47583593750000003 0.34095833333333336 0.0210546875 0.03869444444444444
1 0.2950234375 0.7266805555555556 0.022125 0.03805555555555555
1 0.577359375 0.33576388888888886 0.019265625 0.03615277777777778
1 0.49800781250000004 0.30562500000000004 0.0210546875 0.03805555555555555
1 0.7631796875 0.6028194444444444 0.0210546875 0.03743055555555556
3 0.298609375 0.3204722222222222 0.020390625000000002 0.033763888888888885
1 0.8899765625 0.49495833333333333 0.0207734375 0.03693055555555556
1 0.62234375 0.5517916666666667 0.0205234375 0.03936111111111111
1 0.7206328125 0.5076944444444444 0.022140625 0.035666666666666666
1 0.78825 0.3158611111111111 0.0188984375 0.03744444444444445
0 0.20916406250000003 0.5606111111111111 0.0120703125 0.4646527777777778
0 0.8291875 0.5599722222222222 0.01065625 0.46338888888888885
0 0.3693203125 0.2784027777777778 0.26278125 0.021458333333333333
0 0.368609375 0.8421666666666667 0.264203125 0.02272222222222222
0 0.668328125 0.2771388888888889 0.26278125 0.021458333333333333
0 0.6697421875 0.8434305555555556 0.264203125 0.02272222222222222
2 0.8323828125 0.27398611111111115 0.0426171875 0.07323611111111111
2 0.206296875 0.27234722222222224 0.04296875 0.07313888888888888
2 0.2060546875 0.8463611111111111 0.042812499999999996 0.07568055555555556
2 0.8315468750000001 0.8463611111111111 0.042234375000000005 0.07666666666666667
2 0.519046875 0.26063888888888886 0.032960937499999995 0.05826388888888889
2 0.5185546875 0.8585138888888889 0.0336015625 0.060875