3 0.2986875 0.351 0.021851562499999998 0.02601388888888889
1 0.49166406250000005 0.31224999999999997 0.0221796875 0.03120833333333333
1 0.78859375 0.31327777777777777 0.02103125 0.03090277777777778
1 0.268578125 0.6109027777777778 0.023546875000000002 0.030597222222222224
1 0.6206484375 0.5620972222222222 0.0229375 0.03165277777777778
1 0.3594765625 0.37155555555555553 0.0222109375 0.028986111111111112
1 0.576546875 0.3367222222222222 0.0206484375 0.028999999999999998
1 0.30089062499999997 0.47368055555555555 0.021812500000000002 0.027819444444444445
1 0.421078125 0.31505555555555553 0.023984375 0.033291666666666664
1 0.7647421875 0.6049027777777778 0.0231875 0.03130555555555555
1 0.229890625 0.6887777777777778 0.025210937500000002 0.02801388888888889
1 0.8903046874999999 0.8378611111111111 0.020999999999999998 0.024527777777777777
1 0.717625 0.5126388888888889 0.025039062499999997 0.02736111111111111
1 0.382046875 0.30377777777777776 0.0238515625 0.02851388888888889
1 0.8907890625 0.8079166666666667 0.021953125 0.03198611111111111
2 0.2081015625 0.8459166666666665 0.046078125 0.07215277777777779
2 0.5197265625 0.8609305555555555 0.038656249999999996 0.05302777777777778
2 0.5195546875 0.2626527777777778 0.037859375 0.057166666666666664
2 0.83084375 0.8456944444444444 0.045 0.07051388888888889
2 0.2077734375 0.27394444444444443 0.046054687500000004 0.07063888888888889
2 0.8315234374999999 0.27449999999999997 0.044929687499999996 0.07019444444444445
0 0.20916406250000003 0.5606111111111111 0.0120703125 0.4646527777777778
0 0.8291875 0.5599722222222222 0.01065625 0.46338888888888885
0 0.3693203125 0.2784027777777778 0.26278125 0.021458333333333333
0 0.368609375 0.8421666666666667 0.264203125 0.02272222222222222
0 0.668328125 0.2771388888888889 0.26278125 0.021458333333333333
0 0.6697421875 0.8434305555555556 0.264203125 0.02272222222222222