1 0.602578125 0.3167083333333333 0.0178984375 0.033875
1 0.6473359375000001 0.380875 0.0219453125 0.03901388888888889
1 0.6687031250000001 0.44451388888888893 0.0207890625 0.03901388888888889
1 0.6516640625 0.4953333333333333 0.021367187500000002 0.037986111111111116
1 0.5214453125 0.4645416666666667 0.0219453125 0.037986111111111116
1 0.5416562500000001 0.5097083333333333 0.0207890625 0.037986111111111116
1 0.5647578125 0.5641111111111111 0.0219453125 0.04004166666666666
1 0.5786171875 0.6816666666666666 0.0219453125 0.03901388888888889
1 0.614421875 0.679611111111111 0.0219453125 0.03695833333333333
1 0.700171875 0.598 0.021367187500000002 0.037986111111111116
1 0.7047890625 0.5533333333333333 0.021367187500000002 0.03695833333333333
1 0.7951640624999999 0.3531527777777778 0.0207890625 0.03695833333333333
1 0.8055625 0.38548611111111114 0.018476562499999998 0.035930555555555556
1 0.8041171874999999 0.5420416666666666 0.021367187500000002 0.04106944444444444
1 0.751859375 0.6005555555555555 0.0219453125 0.03695833333333333
3 0.7469453125000001 0.6600972222222222 0.0202109375 0.03901388888888889
0 0.20916406250000003 0.5606111111111111 0.0120703125 0.4646527777777778
0 0.8291875 0.5599722222222222 0.01065625 0.46338888888888885
0 0.3693203125 0.2784027777777778 0.26278125 0.021458333333333333
0 0.368609375 0.8421666666666667 0.264203125 0.02272222222222222
0 0.668328125 0.2771388888888889 0.26278125 0.021458333333333333
0 0.6697421875 0.8434305555555556 0.264203125 0.02272222222222222
2 0.8323828125 0.27398611111111115 0.0426171875 0.07323611111111111
2 0.206296875 0.27234722222222224 0.04296875 0.07313888888888888
2 0.2060546875 0.8463611111111111 0.042812499999999996 0.07568055555555556
2 0.8315468750000001 0.8463611111111111 0.042234375000000005 0.07666666666666667
2 0.519046875 0.26063888888888886 0.032960937499999995 0.05826388888888889
2 0.5185546875 0.8585138888888889 0.0336015625 0.060875