1 0.234375 0.3402777777777778 0.24140625 0.3402777777777778 0.24140625 0.3416666666666667 0.24296875 0.3416666666666667 0.24296875 0.34305555555555556 0.24375 0.34305555555555556 0.24375 0.34444444444444444 0.2453125 0.3458333333333333 0.2453125 0.3486111111111111 0.246875 0.35 0.246875 0.35555555555555557 0.24765625 0.35555555555555557 0.24765625 0.3625 0.246875 0.3625 0.246875 0.36527777777777776 0.24609375 0.36527777777777776 0.24609375 0.36666666666666664 0.2453125 0.36666666666666664 0.2453125 0.3680555555555556 0.24453125 0.3680555555555556 0.24453125 0.36944444444444446 0.24375 0.36944444444444446 0.24375 0.37083333333333335 0.24296875 0.37083333333333335 0.2421875 0.3736111111111111 0.23984375 0.3736111111111111 0.23984375 0.375 0.23828125 0.375 0.23828125 0.3736111111111111 0.23515625 0.3736111111111111 0.23515625 0.37222222222222223 0.2328125 0.37222222222222223 0.2328125 0.37083333333333335 0.23125 0.37083333333333335 0.23125 0.36944444444444446 0.2296875 0.3680555555555556 0.2296875 0.36527777777777776 0.22890625 0.36527777777777776 0.22890625 0.3625 0.228125 0.3625 0.228125 0.3527777777777778 0.22890625 0.3527777777777778 0.22890625 0.3486111111111111 0.2296875 0.3486111111111111 0.2296875 0.3472222222222222 0.23046875 0.3472222222222222 0.23046875 0.3458333333333333 0.23125 0.3458333333333333 0.23125 0.34444444444444444 0.23203125 0.34444444444444444 0.2328125 0.3416666666666667 0.234375 0.3416666666666667
1 0.29609375 0.4263888888888889 0.2984375 0.4263888888888889 0.2984375 0.42777777777777776 0.30234375 0.42777777777777776 0.30234375 0.42916666666666664 0.30390625 0.42916666666666664 0.30390625 0.4305555555555556 0.3046875 0.4305555555555556 0.3046875 0.43194444444444446 0.30546875 0.43194444444444446 0.30546875 0.43333333333333335 0.30703125 0.43472222222222223 0.30703125 0.4375 0.3078125 0.4375 0.3078125 0.44166666666666665 0.30859375 0.44166666666666665 0.30859375 0.45 0.3078125 0.45 0.30703125 0.45555555555555555 0.30625 0.45555555555555555 0.30625 0.45694444444444443 0.30546875 0.45694444444444443 0.30546875 0.4583333333333333 0.3046875 0.4583333333333333 0.30390625 0.46111111111111114 0.30234375 0.46111111111111114 0.30234375 0.4625 0.2953125 0.4625 0.2953125 0.46111111111111114 0.29296875 0.46111111111111114 0.2921875 0.4583333333333333 0.290625 0.4583333333333333 0.290625 0.45694444444444443 0.28984375 0.45694444444444443 0.28984375 0.45416666666666666 0.2890625 0.45416666666666666 0.2890625 0.4513888888888889 0.28828125 0.4513888888888889 0.28828125 0.44027777777777777 0.2890625 0.44027777777777777 0.28984375 0.43472222222222223 0.290625 0.43472222222222223 0.290625 0.43333333333333335 0.29140625 0.43333333333333335 0.29140625 0.43194444444444446 0.2921875 0.43194444444444446 0.29296875 0.42916666666666664 0.29453125 0.42916666666666664 0.29453125 0.42777777777777776 0.29609375 0.42777777777777776
1 0.30859375 0.4597222222222222 0.31484375 0.4597222222222222 0.31484375 0.46111111111111114 0.31640625 0.46111111111111114 0.31640625 0.4625 0.3171875 0.4625 0.3171875 0.4638888888888889 0.31875 0.4652777777777778 0.31953125 0.4708333333333333 0.3203125 0.4708333333333333 0.3203125 0.48055555555555557 0.31953125 0.48055555555555557 0.31953125 0.4861111111111111 0.31875 0.4861111111111111 0.31875 0.4875 0.31796875 0.4875 0.31796875 0.4888888888888889 0.3171875 0.4888888888888889 0.3171875 0.49027777777777776 0.31640625 0.49027777777777776 0.315625 0.4930555555555556 0.31328125 0.4930555555555556 0.31328125 0.49444444444444446 0.3078125 0.49444444444444446 0.3078125 0.4930555555555556 0.30625 0.4930555555555556 0.30625 0.49166666666666664 0.303125 0.49027777777777776 0.303125 0.4888888888888889 0.30234375 0.4888888888888889 0.30234375 0.4861111111111111 0.3015625 0.4861111111111111 0.3015625 0.48055555555555557 0.30078125 0.48055555555555557 0.30078125 0.4736111111111111 0.3015625 0.4736111111111111 0.3015625 0.46944444444444444 0.30234375 0.46944444444444444 0.30234375 0.46805555555555556 0.303125 0.46805555555555556 0.303125 0.4666666666666667 0.30390625 0.4666666666666667 0.30390625 0.4652777777777778 0.3046875 0.4652777777777778 0.30546875 0.4625 0.30703125 0.4625 0.30703125 0.46111111111111114 0.30859375 0.46111111111111114
1 0.3598671875 0.6083611111111111 0.0203359375 0.03425
1 0.42178125 0.7853611111111112 0.019984375 0.035527777777777776
3 0.3939453125 0.5658611111111111 0.0206953125 0.035527777777777776
1 0.4651328125 0.32384722222222223 0.021765625 0.03615277777777778
1 0.5495234375 0.36888888888888893 0.021406249999999998 0.03743055555555556
1 0.5795 0.39362500000000006 0.0206953125 0.03615277777777778
1 0.5975234375 0.36508333333333337 0.0210546875 0.03869444444444444
1 0.6287421875 0.46181944444444445 0.022125 0.03805555555555555
1 0.8035937499999999 0.367625 0.019265625 0.03615277777777778
1 0.749171875 0.4351805555555555 0.0210546875 0.03805555555555555
1 0.7688046875000001 0.5972638888888888 0.0210546875 0.03743055555555556
1 0.2079296875 0.2740694444444445 0.020390625000000002 0.033763888888888885
1 0.8899062499999999 0.45551388888888894 0.0207734375 0.03693055555555556
0 0.20916406250000003 0.5606111111111111 0.0120703125 0.4646527777777778
0 0.8291875 0.5599722222222222 0.01065625 0.46338888888888885
0 0.3693203125 0.2784027777777778 0.26278125 0.021458333333333333
0 0.368609375 0.8421666666666667 0.264203125 0.02272222222222222
0 0.668328125 0.2771388888888889 0.26278125 0.021458333333333333
0 0.6697421875 0.8434305555555556 0.264203125 0.02272222222222222
2 0.8323828125 0.27398611111111115 0.0426171875 0.07323611111111111
2 0.206296875 0.27234722222222224 0.04296875 0.07313888888888888
2 0.2060546875 0.8463611111111111 0.042812499999999996 0.07568055555555556
2 0.8315468750000001 0.8463611111111111 0.042234375000000005 0.07666666666666667
2 0.519046875 0.26063888888888886 0.032960937499999995 0.05826388888888889
2 0.5185546875 0.8585138888888889 0.0336015625 0.060875