1 0.8896484375 0.8343611111111111 0.019539062500000003 0.035736111111111114
1 0.7820546875 0.5261805555555555 0.0216953125 0.03933333333333333
1 0.3546875 0.66125 0.0212578125 0.03779166666666667
1 0.6861953125 0.5334583333333333 0.022093750000000002 0.03973611111111111
1 0.75 0.6117083333333333 0.020890625 0.03806944444444445
3 0.26453125 0.5514166666666667 0.0209453125 0.03705555555555556
1 0.7961953125 0.756625 0.0215 0.036250000000000004
1 0.6585 0.6619027777777777 0.0212578125 0.03933333333333333
1 0.283828125 0.6749722222222222 0.0225625 0.03933333333333333
1 0.684953125 0.655625 0.021078125 0.036375000000000005
1 0.43934375000000003 0.2000277777777778 0.0236640625 0.043416666666666666
1 0.465828125 0.1993611111111111 0.026296874999999997 0.04475
1 0.492875 0.19969444444444445 0.027046874999999998 0.04674999999999999
1 0.519359375 0.2003611111111111 0.026671875 0.04541666666666667
1 0.5462421875000001 0.19998611111111111 0.0270859375 0.044583333333333336
1 0.5728984374999999 0.20069444444444445 0.026296874999999997 0.043416666666666666
1 0.5997578125 0.19969444444444445 0.026671875 0.04674999999999999
1 0.6262421875 0.20069444444444445 0.027046874999999998 0.04608333333333333
2 0.8319609375000001 0.27194444444444443 0.043671875 0.08001388888888888
2 0.833359375 0.8475694444444445 0.043671875 0.08001388888888888
2 0.20626562499999998 0.8463333333333334 0.043671875 0.08001388888888888
2 0.20626562499999998 0.27194444444444443 0.043671875 0.08001388888888888
2 0.5194609375 0.25954166666666667 0.0353046875 0.06265277777777778
2 0.518765625 0.8599722222222221 0.0353046875 0.06265277777777778
0 0.6695 0.2787638888888889 0.2642265625 0.022930555555555558
0 0.36990625 0.2787777777777778 0.2649296875 0.022930555555555558
0 0.3681640625 0.841375 0.2670234375 0.021694444444444443
0 0.6695 0.8426111111111111 0.265625 0.024166666666666666
0 0.8295859374999999 0.561 0.014085937500000001 0.46581944444444445
0 0.208765625 0.5597638888888888 0.012687499999999999 0.46829166666666666