3 0.2736953125 0.4562861111111111 0.2807265625 0.4562861111111111 0.2807265625 0.457675 0.28228906249999997 0.457675 0.28228906249999997 0.4590638888888889 0.2830703125 0.4590638888888889 0.2830703125 0.46045277777777777 0.2846328125 0.4618416666666667 0.2846328125 0.4646194444444445 0.28619531249999997 0.46600833333333336 0.28619531249999997 0.4715638888888889 0.2869765625 0.4715638888888889 0.2869765625 0.47850833333333337 0.28619531249999997 0.47850833333333337 0.28619531249999997 0.48128611111111114 0.2854140625 0.48128611111111114 0.2854140625 0.482675 0.2846328125 0.482675 0.2846328125 0.4840638888888889 0.2838515625 0.4840638888888889 0.2838515625 0.4854527777777778 0.2830703125 0.4854527777777778 0.2830703125 0.4868416666666667 0.28228906249999997 0.4868416666666667 0.2815078125 0.48961944444444444 0.2791640625 0.48961944444444444 0.2791640625 0.4910083333333333 0.2776015625 0.4910083333333333 0.2776015625 0.48961944444444444 0.27447656249999997 0.48961944444444444 0.27447656249999997 0.48823055555555556 0.2721328125 0.48823055555555556 0.2721328125 0.4868416666666667 0.27057031249999997 0.4868416666666667 0.27057031249999997 0.4854527777777778 0.2690078125 0.4840638888888889 0.2690078125 0.48128611111111114 0.2682265625 0.48128611111111114 0.2682265625 0.47850833333333337 0.2674453125 0.47850833333333337 0.2674453125 0.4687861111111111 0.2682265625 0.4687861111111111 0.2682265625 0.4646194444444445 0.2690078125 0.4646194444444445 0.2690078125 0.4632305555555556 0.2697890625 0.4632305555555556 0.2697890625 0.4618416666666667 0.27057031249999997 0.4618416666666667 0.27057031249999997 0.46045277777777777 0.2713515625 0.46045277777777777 0.2721328125 0.457675 0.2736953125 0.457675
1 0.227771875 0.47794722222222225 0.230115625 0.47794722222222225 0.230115625 0.47933611111111113 0.234021875 0.47933611111111113 0.234021875 0.480725 0.235584375 0.480725 0.235584375 0.4821138888888889 0.236365625 0.4821138888888889 0.236365625 0.4835027777777778 0.237146875 0.4835027777777778 0.237146875 0.48489166666666667 0.238709375 0.48628055555555555 0.238709375 0.4890583333333334 0.239490625 0.4890583333333334 0.239490625 0.493225 0.240271875 0.493225 0.240271875 0.5015583333333333 0.239490625 0.5015583333333333 0.238709375 0.5071138888888889 0.237928125 0.5071138888888889 0.237928125 0.5085027777777777 0.237146875 0.5085027777777777 0.237146875 0.5098916666666666 0.236365625 0.5098916666666666 0.235584375 0.5126694444444445 0.234021875 0.5126694444444445 0.234021875 0.5140583333333334 0.226990625 0.5140583333333334 0.226990625 0.5126694444444445 0.224646875 0.5126694444444445 0.223865625 0.5098916666666666 0.222303125 0.5098916666666666 0.222303125 0.5085027777777777 0.221521875 0.5085027777777777 0.221521875 0.505725 0.220740625 0.505725 0.220740625 0.5029472222222222 0.219959375 0.5029472222222222 0.219959375 0.49183611111111114 0.220740625 0.49183611111111114 0.221521875 0.48628055555555555 0.222303125 0.48628055555555555 0.222303125 0.48489166666666667 0.223084375 0.48489166666666667 0.223084375 0.4835027777777778 0.223865625 0.4835027777777778 0.224646875 0.480725 0.226209375 0.480725 0.226209375 0.47933611111111113 0.227771875 0.47933611111111113
1 0.23246406249999998 0.5241708333333334 0.2387140625 0.5241708333333334 0.2387140625 0.5255597222222222 0.24027656249999998 0.5255597222222222 0.24027656249999998 0.5269486111111111 0.24105781249999997 0.5269486111111111 0.24105781249999997 0.5283375 0.2426203125 0.5297263888888889 0.24340156249999997 0.5352819444444444 0.24418281249999998 0.5352819444444444 0.24418281249999998 0.5450041666666667 0.24340156249999997 0.5450041666666667 0.24340156249999997 0.5505597222222223 0.2426203125 0.5505597222222223 0.2426203125 0.5519486111111112 0.24183906249999998 0.5519486111111112 0.24183906249999998 0.5533375 0.24105781249999997 0.5533375 0.24105781249999997 0.5547263888888889 0.24027656249999998 0.5547263888888889 0.23949531249999997 0.5575041666666667 0.23715156249999997 0.5575041666666667 0.23715156249999997 0.5588930555555556 0.23168281249999997 0.5588930555555556 0.23168281249999997 0.5575041666666667 0.23012031249999998 0.5575041666666667 0.23012031249999998 0.5561152777777778 0.2269953125 0.5547263888888889 0.2269953125 0.5533375 0.22621406249999998 0.5533375 0.22621406249999998 0.5505597222222223 0.22543281249999997 0.5505597222222223 0.22543281249999997 0.5450041666666667 0.22465156249999998 0.5450041666666667 0.22465156249999998 0.5380597222222222 0.22543281249999997 0.5380597222222222 0.22543281249999997 0.5338930555555556 0.22621406249999998 0.5338930555555556 0.22621406249999998 0.5325041666666667 0.2269953125 0.5325041666666667 0.2269953125 0.5311152777777778 0.22777656249999997 0.5311152777777778 0.22777656249999997 0.5297263888888889 0.22855781249999998 0.5297263888888889 0.22933906249999997 0.5269486111111111 0.2309015625 0.5269486111111111 0.2309015625 0.5255597222222222 0.23246406249999998 0.5255597222222222
1 0.30046875 0.5860555555555556 0.0203359375 0.03425
1 0.8908984375 0.5310555555555556 0.019984375 0.035527777777777776
1 0.37191406250000003 0.7631666666666667 0.0206953125 0.035527777777777776
1 0.40953906250000005 0.3127361111111111 0.021765625 0.03615277777777778
1 0.5270390625 0.3400138888888889 0.021406249999999998 0.03743055555555556
1 0.5370234375 0.3725277777777778 0.0206953125 0.03615277777777778
1 0.58565625 0.34954166666666664 0.0210546875 0.03869444444444444
1 0.6249921875 0.505125 0.022125 0.03805555555555555
1 0.7954765625 0.32543055555555556 0.019265625 0.03615277777777778
1 0.7360546875 0.46849999999999997 0.0210546875 0.03805555555555555
1 0.7631796875 0.6028194444444444 0.0210546875 0.03743055555555556
1 0.281546875 0.31769444444444445 0.020390625000000002 0.033763888888888885
1 0.8786640625000001 0.37 0.0207734375 0.03693055555555556
0 0.20916406250000003 0.5606111111111111 0.0120703125 0.4646527777777778
0 0.8291875 0.5599722222222222 0.01065625 0.46338888888888885
0 0.3693203125 0.2784027777777778 0.26278125 0.021458333333333333
0 0.368609375 0.8421666666666667 0.264203125 0.02272222222222222
0 0.668328125 0.2771388888888889 0.26278125 0.021458333333333333
0 0.6697421875 0.8434305555555556 0.264203125 0.02272222222222222
2 0.8323828125 0.27398611111111115 0.0426171875 0.07323611111111111
2 0.206296875 0.27234722222222224 0.04296875 0.07313888888888888
2 0.2060546875 0.8463611111111111 0.042812499999999996 0.07568055555555556
2 0.8315468750000001 0.8463611111111111 0.042234375000000005 0.07666666666666667
2 0.519046875 0.26063888888888886 0.032960937499999995 0.05826388888888889
2 0.5185546875 0.8585138888888889 0.0336015625 0.060875