1 0.3015078125 0.4754166666666667 0.0203359375 0.03425
1 0.8895312499999999 0.8344583333333333 0.019984375 0.035527777777777776
1 0.26760937500000004 0.6104861111111112 0.0206953125 0.035527777777777776
1 0.3813203125 0.30756944444444445 0.021406249999999998 0.03743055555555556
1 0.36055468749999997 0.37006944444444445 0.0206953125 0.03615277777777778
1 0.41870312500000006 0.31244444444444447 0.0210546875 0.03869444444444444
1 0.22951562499999997 0.6889722222222222 0.022125 0.03805555555555555
1 0.577359375 0.33576388888888886 0.019265625 0.03615277777777778
1 0.49048437500000003 0.30990277777777775 0.0210546875 0.03805555555555555
1 0.7631796875 0.6028194444444444 0.0210546875 0.03743055555555556
3 0.3000625 0.3528055555555556 0.020390625000000002 0.033763888888888885
1 0.8893359375 0.8039166666666667 0.0207734375 0.03693055555555556
1 0.6220390625000001 0.5625 0.0205234375 0.03936111111111111
1 0.717921875 0.5146527777777778 0.022140625 0.035666666666666666
1 0.78825 0.3158611111111111 0.0188984375 0.03744444444444445
1 0.8899296874999999 0.5980138888888888 0.02003125 0.035611111111111114
0 0.6688671875 0.8425277777777778 0.26553125 0.020125
0 0.20916406250000003 0.5606111111111111 0.0120703125 0.4646527777777778
0 0.8291875 0.5599722222222222 0.01065625 0.46338888888888885
0 0.3693203125 0.2784027777777778 0.26278125 0.021458333333333333
0 0.368609375 0.8421666666666667 0.264203125 0.02272222222222222
0 0.668328125 0.2771388888888889 0.26278125 0.021458333333333333
0 0.6697421875 0.8434305555555556 0.264203125 0.02272222222222222
2 0.20835937499999999 0.8459027777777777 0.0467265625 0.07141666666666667
2 0.5196171875 0.8610555555555556 0.03875 0.05288888888888889
2 0.8331171875000001 0.84625 0.045046875 0.06956944444444445
2 0.5195859375 0.26268055555555553 0.03771875 0.057249999999999995
2 0.20754687500000002 0.27393055555555557 0.0462421875 0.07065277777777777
2 0.8316250000000001 0.2744861111111111 0.0449921875 0.07033333333333333