1 0.8894453125 0.7060138888888888 0.019671875 0.036430555555555556
1 0.524765625 0.4013611111111111 0.0202890625 0.037125
1 0.4325546875 0.30994444444444447 0.0196171875 0.03365277777777778
3 0.5684843749999999 0.371 0.0204375 0.035541666666666666
1 0.8900234375 0.6748888888888889 0.020585937500000002 0.036597222222222225
1 0.8893906250000001 0.6426111111111111 0.020585937500000002 0.036069444444444446
1 0.7174375000000001 0.513625 0.0210234375 0.036597222222222225
1 0.7620859375 0.6031111111111112 0.0202890625 0.034749999999999996
1 0.6214921875 0.563625 0.020585937500000002 0.03686111111111111
1 0.30105468750000003 0.47451388888888885 0.020585937500000002 0.035541666666666666
1 0.628953125 0.7870416666666666 0.0208828125 0.036333333333333336
1 0.4682421875 0.4509722222222222 0.0204375 0.03501388888888889
1 0.8890625 0.7713194444444444 0.018062500000000002 0.033166666666666664
1 0.88965625 0.804625 0.018953125 0.03184722222222222
1 0.8898046875000001 0.8355555555555556 0.018953125 0.03211111111111111
1 0.8894296875000001 0.7393888888888889 0.0198828125 0.034361111111111106
1 0.2166015625 0.19906944444444447 0.025546875000000004 0.042194444444444444
1 0.24640625 0.19952777777777778 0.026320312499999998 0.042194444444444444
1 0.275953125 0.19906944444444447 0.025546875000000004 0.042194444444444444
1 0.3049765625 0.19952777777777778 0.026320312499999998 0.044041666666666666
1 0.3347734375 0.19952777777777778 0.025546875000000004 0.044041666666666666
1 0.3640625 0.19906944444444447 0.026320312499999998 0.044041666666666666
1 0.8221718750000001 0.19952777777777778 0.025031249999999998 0.042194444444444444
2 0.8309296875 0.8457222222222222 0.044375 0.071375
2 0.207625 0.27394444444444443 0.0455703125 0.07065277777777777
2 0.519609375 0.2623472222222222 0.037515625000000004 0.056875
2 0.8314999999999999 0.2744027777777778 0.0445625 0.07047222222222223
2 0.20831249999999998 0.8458472222222222 0.04690625 0.07152777777777777
2 0.5197109375 0.861125 0.038492187500000004 0.05279166666666667
0 0.20916406250000003 0.5606111111111111 0.0120703125 0.4646527777777778
0 0.8291875 0.5599722222222222 0.01065625 0.46338888888888885
0 0.3693203125 0.2784027777777778 0.26278125 0.021458333333333333
0 0.368609375 0.8421666666666667 0.264203125 0.02272222222222222
0 0.668328125 0.2771388888888889 0.26278125 0.021458333333333333
0 0.6697421875 0.8434305555555556 0.264203125 0.02272222222222222