1 0.3015078125 0.4754166666666667 0.0203359375 0.03425
1 0.8895312499999999 0.8344583333333333 0.019984375 0.035527777777777776
1 0.26760937500000004 0.6104861111111112 0.0206953125 0.035527777777777776
1 0.3813203125 0.30756944444444445 0.021406249999999998 0.03743055555555556
1 0.36055468749999997 0.37006944444444445 0.0206953125 0.03615277777777778
1 0.41870312500000006 0.31244444444444447 0.0210546875 0.03869444444444444
1 0.22951562499999997 0.6889722222222222 0.022125 0.03805555555555555
1 0.577359375 0.33576388888888886 0.019265625 0.03615277777777778
1 0.49048437500000003 0.30990277777777775 0.0210546875 0.03805555555555555
1 0.7631796875 0.6028194444444444 0.0210546875 0.03743055555555556
3 0.3000625 0.3528055555555556 0.020390625000000002 0.033763888888888885
1 0.8893359375 0.8039166666666667 0.0207734375 0.03693055555555556
1 0.6220390625000001 0.5625 0.0205234375 0.03936111111111111
1 0.717921875 0.5146527777777778 0.022140625 0.035666666666666666
1 0.78825 0.3158611111111111 0.0188984375 0.03744444444444445
1 0.8899296874999999 0.4467777777777778 0.02003125 0.035611111111111114
2 0.20837500000000003 0.8459444444444445 0.046828125 0.07141666666666667
2 0.5197265625 0.8610277777777778 0.038875 0.05283333333333333
2 0.8309140625 0.8456805555555555 0.0447421875 0.07075
0 0.6688046875 0.843013888888889 0.26359374999999996 0.019555555555555555
0 0.3678671875 0.8410694444444445 0.262453125 0.0205
2 0.5195859375 0.26268055555555553 0.0378125 0.057194444444444444
0 0.3712734375 0.2788611111111111 0.2651953125 0.018291666666666668
2 0.20763281249999999 0.27391666666666664 0.046203125 0.07061111111111111
2 0.8316171875 0.27449999999999997 0.044875 0.07015277777777777
0 0.6689765624999999 0.2780972222222222 0.26090625 0.019805555555555555
0 0.20894531249999998 0.5613333333333334 0.011960937500000001 0.4697222222222222
0 0.829703125 0.5567361111111111 0.010140625 0.47075