1 0.262828125 0.3436527777777778 0.0215859375 0.038375
1 0.3149765625 0.4066666666666667 0.02203125 0.03759722222222222
1 0.3833828125 0.3715694444444444 0.020703125 0.03680555555555556
1 0.40303125 0.41805555555555557 0.02203125 0.03759722222222222
1 0.4793984375 0.812763888888889 0.02203125 0.038375
1 0.42932812499999995 0.631375 0.020703125 0.03994444444444445
1 0.5295859375 0.36041666666666666 0.0215859375 0.03759722222222222
1 0.57925 0.40626388888888887 0.0215859375 0.03680555555555556
1 0.6249921875 0.35726388888888894 0.019828125 0.03916666666666667
1 0.6329765625 0.40545833333333337 0.0215859375 0.03759722222222222
1 0.6189140625 0.45140277777777776 0.022468750000000003 0.03916666666666667
1 0.7796406250000001 0.5846111111111111 0.020703125 0.03680555555555556
1 0.8103203125 0.4247638888888889 0.019828125 0.03916666666666667
1 0.7668828125 0.3886805555555556 0.019828125 0.03680555555555556
3 0.5234296875 0.6672916666666666 0.0211484375 0.03994444444444445
0 0.20916406250000003 0.5606111111111111 0.0120703125 0.4646527777777778
0 0.8291875 0.5599722222222222 0.01065625 0.46338888888888885
0 0.3693203125 0.2784027777777778 0.26278125 0.021458333333333333
0 0.368609375 0.8421666666666667 0.264203125 0.02272222222222222
0 0.668328125 0.2771388888888889 0.26278125 0.021458333333333333
0 0.6697421875 0.8434305555555556 0.264203125 0.02272222222222222
2 0.8323828125 0.27398611111111115 0.0426171875 0.07323611111111111
2 0.206296875 0.27234722222222224 0.04296875 0.07313888888888888
2 0.2060546875 0.8463611111111111 0.042812499999999996 0.07568055555555556
2 0.8315468750000001 0.8463611111111111 0.042234375000000005 0.07666666666666667
2 0.519046875 0.26063888888888886 0.032960937499999995 0.05826388888888889
2 0.5185546875 0.8585138888888889 0.0336015625 0.060875