1 0.3015078125 0.4754166666666667 0.0203359375 0.03425
1 0.26760937500000004 0.6104861111111112 0.0206953125 0.035527777777777776
1 0.3808203125 0.30625 0.020742187500000002 0.035958333333333335
1 0.36055468749999997 0.37006944444444445 0.0206953125 0.03615277777777778
1 0.41870312500000006 0.31244444444444447 0.0210546875 0.03869444444444444
1 0.22951562499999997 0.6889722222222222 0.022125 0.03805555555555555
1 0.577359375 0.33576388888888886 0.019265625 0.03615277777777778
1 0.49048437500000003 0.30990277777777775 0.0210546875 0.03805555555555555
1 0.7631796875 0.6028194444444444 0.0210546875 0.03743055555555556
3 0.3000625 0.3528055555555556 0.020390625000000002 0.033763888888888885
1 0.6220390625000001 0.5625 0.0205234375 0.03936111111111111
1 0.717921875 0.5146527777777778 0.022140625 0.035666666666666666
1 0.78825 0.3158611111111111 0.0188984375 0.03744444444444445
0 0.20916406250000003 0.5606111111111111 0.0120703125 0.4646527777777778
0 0.8291875 0.5599722222222222 0.01065625 0.46338888888888885
0 0.3693203125 0.2784027777777778 0.26278125 0.021458333333333333
0 0.368609375 0.8421666666666667 0.264203125 0.02272222222222222
0 0.668328125 0.2771388888888889 0.26278125 0.021458333333333333
0 0.6697421875 0.8434305555555556 0.264203125 0.02272222222222222
2 0.8323828125 0.27398611111111115 0.0426171875 0.07323611111111111
2 0.206296875 0.27234722222222224 0.04296875 0.07313888888888888
2 0.2060546875 0.8463611111111111 0.042812499999999996 0.07568055555555556
2 0.8315468750000001 0.8463611111111111 0.042234375000000005 0.07666666666666667
2 0.519046875 0.26063888888888886 0.032960937499999995 0.05826388888888889
2 0.5185546875 0.8585138888888889 0.0336015625 0.060875