3 0.44109375 0.2955833333333333 0.0236171875 0.041305555555555554
1 0.3338671875 0.3423055555555556 0.024 0.03995833333333333
1 0.550609375 0.5728888888888889 0.0224765625 0.03927777777777778
1 0.6300234375 0.3162361111111111 0.024375 0.043333333333333335
1 0.643734375 0.4296666666666667 0.024375 0.042666666666666665
1 0.7107812499999999 0.2986388888888889 0.0236171875 0.040625
1 0.73896875 0.3798888888888889 0.024375 0.04740277777777778
1 0.8168593749999999 0.34400000000000003 0.024 0.04198611111111111
1 0.91246875 0.838 0.023234374999999998 0.03995833333333333
1 0.9120859375 0.8738888888888889 0.0247578125 0.041305555555555554
1 0.7368671875 0.7895833333333333 0.024 0.043333333333333335
1 0.5010859375 0.8447777777777777 0.0224765625 0.03995833333333333
1 0.262640625 0.8166666666666667 0.024 0.043333333333333335
1 0.1973125 0.8122638888888889 0.022093750000000002 0.03995833333333333
1 0.2161640625 0.7015555555555556 0.0224765625 0.04198611111111111
1 0.181125 0.5336111111111111 0.024 0.044694444444444446
0 0.1544765625 0.563763888888889 0.0149140625 0.511375
0 0.8455234375 0.5669166666666666 0.013500000000000002 0.512625
0 0.3331015625 0.25251388888888887 0.29118750000000004 0.025249999999999998
0 0.333453125 0.8800416666666666 0.2933203125 0.025249999999999998
0 0.667265625 0.25125000000000003 0.2961640625 0.027777777777777776
0 0.6668984375 0.8787777777777778 0.29403125 0.025249999999999998
2 0.8469453124999999 0.2493611111111111 0.047585937499999995 0.087125
2 0.1512578125 0.24962499999999999 0.0465234375 0.08576388888888889
2 0.1527890625 0.884875 0.0470703125 0.07947222222222222
2 0.8475234374999999 0.8829722222222223 0.0443671875 0.08423611111111111
2 0.499515625 0.23665277777777777 0.037929687499999996 0.07088888888888889
2 0.49973437499999995 0.8976527777777777 0.038570312499999995 0.07097222222222223