3 0.2765859375 0.7299027777777778 0.0236171875 0.041305555555555554
1 0.3338671875 0.3423055555555556 0.024 0.03995833333333333
1 0.550609375 0.5728888888888889 0.0224765625 0.03927777777777778
1 0.6300234375 0.3162361111111111 0.024375 0.043333333333333335
1 0.643734375 0.4296666666666667 0.024375 0.042666666666666665
1 0.7107812499999999 0.2986388888888889 0.0236171875 0.040625
1 0.73896875 0.3798888888888889 0.024375 0.04740277777777778
1 0.8168593749999999 0.34400000000000003 0.024 0.04198611111111111
1 0.91246875 0.838 0.023234374999999998 0.03995833333333333
1 0.9120859375 0.8738888888888889 0.0247578125 0.041305555555555554
1 0.7368671875 0.7895833333333333 0.024 0.043333333333333335
1 0.5010859375 0.8447777777777777 0.0224765625 0.03995833333333333
1 0.262640625 0.8166666666666667 0.024 0.043333333333333335
1 0.9125937499999999 0.3925138888888889 0.022093750000000002 0.03995833333333333
1 0.2161640625 0.7015555555555556 0.0224765625 0.04198611111111111
1 0.181125 0.5336111111111111 0.024 0.044694444444444446
2 0.8469609374999999 0.2502361111111111 0.045765625 0.08373611111111111
2 0.846265625 0.8835416666666667 0.04715625 0.0825
2 0.152203125 0.8847916666666666 0.04715625 0.08497222222222223
2 0.151859375 0.2508611111111111 0.043671875 0.08001388888888888
2 0.4999296875 0.23348611111111112 0.036703124999999996 0.06761111111111111
2 0.4995859375 0.8984305555555555 0.0373984375 0.07009722222222223
0 0.6667109375 0.25395833333333334 0.294921875 0.025416666666666667
0 0.33503125 0.25272222222222224 0.2942265625 0.025416666666666667
0 0.3336328125 0.8779722222222222 0.297015625 0.025416666666666667
0 0.66740625 0.8779722222222222 0.2963203125 0.022930555555555558
0 0.8449296875 0.5665833333333333 0.014085937500000001 0.5166805555555556
0 0.1550546875 0.5703055555555555 0.014085937500000001 0.5166805555555556