1 0.7049609375 0.8420833333333333 0.025492187500000003 0.04004166666666666
1 0.6090546875 0.6241388888888889 0.022421875 0.042388888888888886
1 0.690125 0.5378333333333334 0.021484375 0.04029166666666667
1 0.631921875 0.6130972222222222 0.021242187500000002 0.03902777777777778
1 0.6428281250000001 0.6965833333333333 0.021953125 0.03986111111111111
1 0.6793359375 0.6664861111111111 0.0233671875 0.03776388888888889
1 0.5463359375 0.4999166666666667 0.022664062500000002 0.041125
1 0.668640625 0.42706944444444445 0.0231328125 0.041958333333333334
1 0.6609140625000001 0.3291527777777778 0.02384375 0.04070833333333333
1 0.737578125 0.6546666666666667 0.0233671875 0.042388888888888886
3 0.7465390625 0.781513888888889 0.0221875 0.04029166666666667
1 0.8069609375000001 0.5319305555555556 0.0221875 0.03944444444444444
1 0.757609375 0.5167083333333333 0.021953125 0.03986111111111111
1 0.7725234375000001 0.46043055555555557 0.0228984375 0.03819444444444445
1 0.743390625 0.46165277777777775 0.021484375 0.03693055555555556
1 0.7383828125 0.40054166666666663 0.021718750000000002 0.036083333333333335
2 0.8469609374999999 0.2502361111111111 0.045765625 0.08373611111111111
2 0.846265625 0.8835416666666667 0.04715625 0.0825
2 0.152203125 0.8847916666666666 0.04715625 0.08497222222222223
2 0.151859375 0.2508611111111111 0.043671875 0.08001388888888888
2 0.4999296875 0.23348611111111112 0.036703124999999996 0.06761111111111111
2 0.4995859375 0.8984305555555555 0.0373984375 0.07009722222222223
0 0.6667109375 0.25395833333333334 0.294921875 0.025416666666666667
0 0.33503125 0.25272222222222224 0.2942265625 0.025416666666666667
0 0.3336328125 0.8779722222222222 0.297015625 0.025416666666666667
0 0.66740625 0.8779722222222222 0.2963203125 0.022930555555555558
0 0.8449296875 0.5665833333333333 0.014085937500000001 0.5166805555555556
0 0.1550546875 0.5703055555555555 0.014085937500000001 0.5166805555555556