3 0.3318984375 0.8467777777777777 0.025492187500000003 0.042805555555555555
1 0.6683828125 0.5650555555555555 0.022421875 0.042388888888888886
1 0.6860859375 0.5472222222222223 0.021484375 0.04029166666666667
1 0.68596875 0.5860416666666667 0.021242187500000002 0.03902777777777778
1 0.7040234375 0.6049166666666667 0.021953125 0.03986111111111111
1 0.7045 0.5665277777777777 0.0233671875 0.03776388888888889
1 0.703203125 0.5291805555555555 0.022664062500000002 0.041125
1 0.721140625 0.5115555555555555 0.0231328125 0.041958333333333334
1 0.7391953124999999 0.49372222222222223 0.02384375 0.04070833333333333
1 0.740375 0.63975 0.0233671875 0.042388888888888886
1 0.721375 0.6219166666666667 0.0221875 0.04029166666666667
1 0.7395546875 0.6026111111111111 0.0221875 0.03944444444444444
1 0.73990625 0.5310694444444445 0.021953125 0.03986111111111111
1 0.73990625 0.5675694444444445 0.0228984375 0.03819444444444445
1 0.7210234375 0.5489027777777777 0.021484375 0.03693055555555556
1 0.721609375 0.5849861111111111 0.021718750000000002 0.036083333333333335
2 0.8469609374999999 0.2502361111111111 0.045765625 0.08373611111111111
2 0.846265625 0.8835416666666667 0.04715625 0.0825
2 0.152203125 0.8847916666666666 0.04715625 0.08497222222222223
2 0.151859375 0.2508611111111111 0.043671875 0.08001388888888888
2 0.4999296875 0.23348611111111112 0.036703124999999996 0.06761111111111111
2 0.4995859375 0.8984305555555555 0.0373984375 0.07009722222222223
0 0.6667109375 0.25395833333333334 0.294921875 0.025416666666666667
0 0.33503125 0.25272222222222224 0.2942265625 0.025416666666666667
0 0.3336328125 0.8779722222222222 0.297015625 0.025416666666666667
0 0.66740625 0.8779722222222222 0.2963203125 0.022930555555555558
0 0.8449296875 0.5665833333333333 0.014085937500000001 0.5166805555555556
0 0.1550546875 0.5703055555555555 0.014085937500000001 0.5166805555555556