1 0.3342265625 0.34179166666666666 0.02096875 0.03916666666666667
1 0.1807109375 0.5344861111111111 0.022390625 0.044222222222222225
1 0.2160703125 0.7006388888888888 0.02203125 0.044222222222222225
1 0.262796875 0.8165694444444443 0.0231015625 0.03980555555555555
1 0.501078125 0.8459444444444445 0.026296874999999997 0.04043055555555555
1 0.550828125 0.5727083333333334 0.0227421875 0.04106944444444444
1 0.7366875 0.7887777777777777 0.02203125 0.043597222222222225
1 0.91153125 0.7654027777777779 0.020609375 0.03854166666666667
1 0.9117109375 0.803625 0.022390625 0.03790277777777778
1 0.9118906250000001 0.839625 0.0227421875 0.03916666666666667
1 0.9122421875000001 0.8750138888888889 0.0213203125 0.04043055555555555
1 0.8170078125 0.34368055555555554 0.0213203125 0.041694444444444444
1 0.73953125 0.38095833333333334 0.023453125 0.03916666666666667
3 0.6359453125 0.4267361111111111 0.0259453125 0.04106944444444444
1 0.658859375 0.29630555555555554 0.0227421875 0.04043055555555555
1 0.6155078125 0.28525 0.02203125 0.03980555555555555
1 0.1792109375 0.16543055555555555 0.0236328125 0.03938888888888889
1 0.20985937500000001 0.1673888888888889 0.024859375 0.04069444444444444
1 0.240015625 0.16718055555555555 0.024617187500000002 0.043763888888888894
1 0.27065625 0.1656388888888889 0.0253515625 0.042444444444444444
1 0.669078125 0.16630555555555554 0.0236328125 0.042888888888888886
1 0.699109375 0.16805555555555557 0.0256015625 0.045513888888888895
1 0.7297578125 0.16586111111111113 0.0253515625 0.045513888888888895
1 0.76028125 0.16520833333333335 0.023875 0.044194444444444446
1 0.7910546875 0.1673888888888889 0.0253515625 0.04681944444444445
1 0.8213359375 0.1656388888888889 0.0268359375 0.04594444444444444
2 0.8469609374999999 0.2502361111111111 0.045765625 0.08373611111111111
2 0.846265625 0.8835416666666667 0.04715625 0.0825
2 0.152203125 0.8847916666666666 0.04715625 0.08497222222222223
2 0.151859375 0.2508611111111111 0.043671875 0.08001388888888888
2 0.4999296875 0.23348611111111112 0.036703124999999996 0.06761111111111111
2 0.4995859375 0.8984305555555555 0.0373984375 0.07009722222222223
0 0.666015625 0.2520972222222222 0.2963203125 0.029138888888888888
0 0.336078125 0.2508611111111111 0.2963203125 0.029138888888888888
0 0.333984375 0.8798333333333334 0.2963203125 0.029138888888888888
0 0.66740625 0.8810694444444445 0.2963203125 0.029138888888888888
0 0.84771875 0.5665833333333333 0.019664062500000003 0.5166805555555556
0 0.15226562500000002 0.5703055555555555 0.019664062500000003 0.5166805555555556