1 0.347015625 0.3392361111111111 0.022859375 0.041291666666666664
3 0.43987499999999996 0.2959027777777778 0.02378125 0.043930555555555556
1 0.224078125 0.576375 0.022859375 0.04493055555555556
1 0.25009375 0.7050555555555555 0.0236015625 0.042611111111111113
1 0.285546875 0.8046388888888889 0.02396875 0.042944444444444445
1 0.8972890625 0.3505138888888889 0.0236015625 0.04493055555555556
1 0.50078125 0.8443611111111112 0.025273437500000002 0.04558333333333334
1 0.736328125 0.7924166666666667 0.0230390625 0.042944444444444445
1 0.8164843749999999 0.34305555555555556 0.0234140625 0.041291666666666664
1 0.737328125 0.3765972222222222 0.02378125 0.04361111111111111
1 0.7104765625 0.29830555555555555 0.022109375 0.04095833333333333
1 0.6296484375 0.31647222222222227 0.0236015625 0.04227777777777778
1 0.643953125 0.4287916666666667 0.0236015625 0.042944444444444445
1 0.5509453125 0.576375 0.02378125 0.04095833333333333
1 0.194921875 0.6605694444444444 0.022390625 0.043597222222222225
1 0.91196875 0.7527916666666666 0.022390625 0.03916666666666667
2 0.8469609374999999 0.2502361111111111 0.045765625 0.08373611111111111
2 0.846265625 0.8835416666666667 0.04715625 0.0825
2 0.152203125 0.8847916666666666 0.04715625 0.08497222222222223
2 0.151859375 0.2508611111111111 0.043671875 0.08001388888888888
2 0.4999296875 0.23348611111111112 0.036703124999999996 0.06761111111111111
2 0.4995859375 0.8984305555555555 0.0373984375 0.07009722222222223
0 0.6667109375 0.25395833333333334 0.294921875 0.025416666666666667
0 0.33503125 0.25272222222222224 0.2942265625 0.025416666666666667
0 0.3336328125 0.8779722222222222 0.297015625 0.025416666666666667
0 0.66740625 0.8779722222222222 0.2963203125 0.022930555555555558
0 0.8449296875 0.5665833333333333 0.014085937500000001 0.5166805555555556
0 0.1550546875 0.5703055555555555 0.014085937500000001 0.5166805555555556