1 0.3345546875 0.3425138888888889 0.022859375 0.041291666666666664
3 0.43987499999999996 0.2974861111111111 0.02378125 0.043930555555555556
1 0.18203125 0.5382916666666666 0.022859375 0.04493055555555556
1 0.2161328125 0.7024583333333333 0.0236015625 0.042611111111111113
1 0.2638515625 0.8169444444444445 0.02396875 0.042944444444444445
1 0.9115546875 0.8394305555555556 0.023328124999999998 0.03852777777777778
1 0.50078125 0.8443611111111112 0.025273437500000002 0.04558333333333334
1 0.736328125 0.7924166666666667 0.0230390625 0.042944444444444445
1 0.8164843749999999 0.34305555555555556 0.0234140625 0.041291666666666664
1 0.737328125 0.3765972222222222 0.02378125 0.04361111111111111
1 0.7104765625 0.29830555555555555 0.022109375 0.04095833333333333
1 0.6296484375 0.31647222222222227 0.0236015625 0.04227777777777778
1 0.643953125 0.4287916666666667 0.0236015625 0.042944444444444445
1 0.5509453125 0.576375 0.02378125 0.04095833333333333
1 0.19532812500000002 0.8044444444444445 0.022390625 0.043597222222222225
1 0.91196875 0.8726111111111111 0.022390625 0.03916666666666667
0 0.1544765625 0.563763888888889 0.0149140625 0.511375
0 0.8455234375 0.5669166666666666 0.013500000000000002 0.512625
0 0.3331015625 0.25251388888888887 0.29118750000000004 0.025249999999999998
0 0.333453125 0.8800416666666666 0.2933203125 0.025249999999999998
0 0.667265625 0.25125000000000003 0.2961640625 0.027777777777777776
0 0.6668984375 0.8787777777777778 0.29403125 0.025249999999999998
2 0.8469453124999999 0.2493611111111111 0.047585937499999995 0.087125
2 0.1512578125 0.24962499999999999 0.0465234375 0.08576388888888889
2 0.1527890625 0.884875 0.0470703125 0.07947222222222222
2 0.8475234374999999 0.8829722222222223 0.0443671875 0.08423611111111111
2 0.499515625 0.23665277777777777 0.037929687499999996 0.07088888888888889
2 0.49973437499999995 0.8976527777777777 0.038570312499999995 0.07097222222222223